id,fb_soclife_base,fb_soclife_end,fb_soclife_diff
7,2,1,-1
8,-2,-1,1
12,0,3,3
13,-1,-4,-3
14,-1,-1,0
16,-1,0,1
23,0,-1,-1
25,2,0,-2
27,-1,2,3
28,2,3,1
30,1,1,0
34,-1,-1,0
39,-1,0,1
41,3,2,-1
45,-1,-2,-1
46,0,2,2
47,3,2,-1
48,2,1,-1
49,2,1,-1
50,-3,-3,0
53,0,-2,-2
56,1,3,2
57,2,3,1
58,0,0,0
60,-4,-3,1
66,3,3,0
67,2,-2,-4
69,-1,-2,-1
70,-2,0,2
71,-1,0,1
72,-1,-1,0
74,-3,5,8
76,0,-2,-2
80,-2,-3,-1
84,-1,-1,0
87,-2,-5,-3
88,-1,1,2
89,2,3,1
93,-1,0,1
94,-1,-2,-1
97,-3,-2,1
104,-1,5,6
107,-2,-3,-1
108,0,1,1
109,-5,-4,1
110,-2,-2,0
111,2,2,0
112,0,0,0
116,0,-2,-2
117,3,2,-1
119,-4,-2,2
120,-3,-3,0
121,5,3,-2
125,3,3,0
126,-2,-1,1
129,1,1,0
130,2,2,0
131,-2,-2,0
132,-1,1,2
133,-5,-2,3
134,2,1,-1
136,3,2,-1
138,-3,-2,1
142,0,0,0
143,-1,-2,-1
144,0,0,0
146,-2,-1,1
147,-2,0,2
148,3,2,-1
150,1,3,2
151,-1,-2,-1
152,-1,1,2
155,0,-2,-2
156,-2,-2,0
161,1,2,1
162,1,2,1
163,2,0,-2
167,-2,3,5
168,-2,-3,-1
169,-2,-1,1
171,-2,-3,-1
173,-1,-1,0
174,-4,-5,-1
177,-3,-3,0
179,-3,-3,0
180,3,-3,-6
182,2,2,0
189,2,-2,-4
190,-3,0,3
191,-5,-3,2
193,-2,-3,-1
195,-5,-2,3
202,1,1,0
206,0,-1,-1
207,1,2,1
209,1,1,0
213,2,2,0
217,-4,-3,1
218,-3,-3,0
219,2,0,-2
220,0,-2,-2
222,-3,-1,2
225,-2,-2,0
227,-1,-1,0
228,5,2,-3
229,0,1,1
231,2,1,-1
232,2,0,-2
233,-2,-2,0
234,-2,-2,0
236,-3,-5,-2
237,1,1,0
240,-1,1,2
243,-1,1,2
245,5,0,-5
248,1,2,1
250,3,2,-1
251,-1,0,1
252,0,-3,-3
253,-3,0,3
254,0,-1,-1
256,0,1,1
257,1,0,-1
265,-3,-2,1
266,-4,-3,1
267,-1,2,3
269,-1,2,3
270,-5,-3,2
271,-1,-2,-1
272,2,3,1
277,2,2,0
278,1,0,-1
279,-1,-2,-1
281,0,0,0
282,0,1,1
290,-1,1,2
292,-1,0,1
295,0,1,1
296,1,1,0
297,-1,1,2
299,-1,0,1
300,0,0,0
301,0,0,0
306,0,-1,-1
313,1,0,-1
319,0,0,0
324,-3,-2,1
325,0,1,1
326,-1,-2,-1
328,-5,-2,3
329,-1,0,1
331,1,1,0
332,0,1,1
335,-3,-3,0
340,3,3,0
342,-3,-2,1
343,-1,2,3
345,-1,0,1
348,-2,-2,0
349,0,0,0
350,-2,-4,-2
352,-1,-2,-1
355,0,3,3
357,-2,-5,-3
359,0,0,0
367,0,1,1
368,-1,-2,-1
371,1,0,-1
380,2,2,0
382,1,3,2
384,-1,-2,-1
385,1,1,0
387,1,2,1
397,-2,-1,1
399,-3,1,4
400,2,3,1
401,-3,-3,0
402,-1,-1,0
403,1,1,0
406,3,1,-2
407,1,-1,-2
411,-1,1,2
416,-2,-2,0
417,5,2,-3
421,-2,-1,1
422,-2,-2,0
426,2,-1,-3
428,-1,1,2
430,-1,0,1
431,2,-1,-3
432,1,1,0
433,0,0,0
434,-3,-3,0
435,-2,-1,1
437,2,2,0
440,0,-2,-2
442,0,-2,-2
445,1,0,-1
446,-1,-2,-1
448,-1,-1,0
454,0,2,2
456,-3,-4,-1
457,-2,-1,1
458,-2,-1,1
459,-1,-1,0
460,-2,0,2
461,1,2,1
465,1,1,0
467,3,2,-1
468,-4,-2,2
470,0,-1,-1
471,1,2,1
472,-1,-1,0
475,1,-1,-2
476,-2,0,2
477,2,-2,-4
482,-1,-1,0
483,2,3,1
485,-3,-4,-1
491,0,1,1
493,5,-5,-10
494,2,1,-1
499,0,2,2
500,4,3,-1
502,2,3,1
503,-2,-2,0
504,2,1,-1
505,-5,-5,0
514,-1,0,1
516,-3,-3,0
520,-1,2,3
522,0,0,0
524,-2,-1,1
526,-1,-1,0
529,0,0,0
535,1,0,-1
539,-1,-1,0
540,0,0,0
541,-1,0,1
542,-3,2,5
543,0,0,0
546,-2,-3,-1
549,0,0,0
551,1,-1,-2
552,-4,-3,1
554,-1,0,1
555,0,0,0
557,3,1,-2
558,2,2,0
560,0,-2,-2
563,1,0,-1
568,-1,0,1
569,1,0,-1
570,-2,-1,1
571,-2,-3,-1
572,-2,-2,0
573,2,0,-2
574,1,2,1
576,-2,-3,-1
578,0,-1,-1
579,1,2,1
582,-2,-1,1
586,-2,-2,0
588,-1,-1,0
592,0,-1,-1
595,2,2,0
598,-1,-1,0
600,1,-1,-2
601,2,-1,-3
602,0,1,1
604,2,-1,-3
607,1,1,0
608,-1,-1,0
609,0,-2,-2
611,-2,2,4
612,-3,3,6
614,-2,-3,-1
616,-3,-3,0
619,1,2,1
621,-2,-2,0
622,-1,-1,0
624,-5,0,5
625,1,1,0
633,1,3,2
639,0,1,1
648,-2,0,2
651,1,1,0
652,-2,1,3
654,2,2,0
657,-1,1,2
658,-3,-3,0
660,-1,0,1
666,1,-1,-2
667,4,4,0
671,1,-3,-4
672,2,2,0
674,2,3,1
680,-3,2,5
681,-1,-1,0
684,0,0,0
685,2,3,1
687,0,-3,-3
689,0,-1,-1
692,0,0,0
693,2,2,0
694,-2,-2,0
699,-2,-2,0
700,-3,-3,0
704,0,1,1
708,2,1,-1
712,0,0,0
714,-1,1,2
717,2,2,0
720,2,1,-1
723,-1,-1,0
727,2,2,0
728,2,-1,-3
731,-3,-2,1
733,1,0,-1
734,1,-1,-2
737,2,2,0
738,-2,-1,1
739,1,1,0
741,3,1,-2
744,0,1,1
745,1,1,0
746,-3,-2,1
747,3,3,0
750,-2,-2,0
751,2,-3,-5
761,-2,-3,-1
762,-2,-1,1
763,-1,-3,-2
765,-1,-2,-1
766,-1,1,2
767,1,0,-1
768,-2,-1,1
769,-1,-1,0
774,0,3,3
776,3,5,2
778,2,2,0
779,0,-3,-3
780,-3,-1,2
781,-1,-1,0
784,-1,0,1
787,-3,-2,1
792,3,2,-1
797,-1,2,3
799,0,0,0
800,1,0,-1
801,1,1,0
802,2,2,0
807,0,2,2
810,4,0,-4
811,2,-2,-4
818,-1,-1,0
823,0,2,2
825,-1,-2,-1
826,0,3,3
828,-5,-3,2
829,4,1,-3
831,2,2,0
832,1,0,-1
834,0,-1,-1
835,-1,-1,0
838,-2,-2,0
839,1,-2,-3
843,0,1,1
844,2,2,0
845,2,2,0
846,1,-2,-3
847,0,0,0
848,0,-3,-3
849,0,-1,-1
853,2,1,-1
854,-5,-2,3
855,-3,-5,-2
856,1,-1,-2
857,0,0,0
859,0,0,0
860,3,1,-2
865,0,-2,-2
866,3,1,-2
867,0,1,1
868,-3,-4,-1
869,-1,-3,-2
872,2,2,0
873,-1,2,3
876,-2,0,2
878,-1,0,1
879,-1,-2,-1
881,-1,-1,0
882,2,2,0
883,1,-1,-2
887,-2,-2,0
890,-3,0,3
892,2,3,1
895,-1,1,2
899,-2,0,2
901,-3,-2,1
903,0,-1,-1
904,-2,-1,1
909,1,1,0
916,-1,2,3
919,-4,-2,2
925,-3,-4,-1
926,-2,-2,0
927,1,1,0
928,1,1,0
930,5,0,-5
931,1,-2,-3
937,2,2,0
938,-1,0,1
939,1,0,-1
941,-4,-4,0
944,-1,-3,-2
946,-2,-4,-2
947,0,0,0
948,-1,-2,-1
950,-3,-5,-2
951,3,1,-2
953,-1,2,3
954,-2,-1,1
955,2,1,-1
956,-2,-2,0
958,-2,-3,-1
959,-3,-1,2
960,-1,1,2
961,-1,1,2
963,2,1,-1
968,1,1,0
971,0,5,5
972,0,0,0
975,2,2,0
976,-2,0,2
980,2,3,1
983,0,-2,-2
985,-2,-2,0
986,-3,-4,-1
988,3,-4,-7
990,2,3,1
991,-5,-4,1
992,-2,-1,1
993,2,-4,-6
997,1,1,0
999,-2,-4,-2
1013,-2,-1,1
1014,-3,-3,0
1016,0,2,2
1017,-2,2,4
1018,-1,-3,-2
1021,-4,1,5
1026,1,1,0
1027,1,1,0
1035,0,1,1
1036,1,1,0
1055,-1,-1,0
1056,-2,0,2
1059,0,1,1
1063,-3,-1,2
1066,-1,1,2
1068,0,1,1
1070,-1,-1,0
1072,-1,0,1
1073,1,1,0
1075,2,1,-1
1077,-1,-1,0
1080,0,-2,-2
1084,-2,-3,-1
1085,0,2,2
1088,-1,0,1
1090,2,2,0
1091,0,1,1
1092,2,0,-2
1094,1,-1,-2
1097,-2,-3,-1
1098,0,1,1
1099,3,4,1
1102,-1,-2,-1
1103,0,-2,-2
1104,0,-1,-1
1105,1,-1,-2
1106,0,2,2
1109,0,1,1
1110,1,-2,-3
1113,-3,-3,0
1114,-3,-4,-1
1117,-2,-2,0
1118,0,-1,-1
1119,1,2,1
1122,0,-2,-2
1123,-1,-1,0
1126,-2,-4,-2
1129,5,3,-2
1134,-1,-2,-1
1135,-2,-2,0
1136,1,2,1
1137,0,0,0
1139,-3,-2,1
1140,-1,-2,-1
1142,2,2,0
1145,-2,-3,-1
1146,1,0,-1
1147,0,-1,-1
1148,-2,1,3
1149,1,-1,-2
1152,0,2,2
1154,3,0,-3
1164,-2,-5,-3
1166,0,0,0
1167,0,-2,-2
1168,2,-2,-4
1169,1,1,0
1170,1,0,-1
1173,0,-1,-1
1175,2,0,-2
1176,-1,-2,-1
1177,5,5,0
1178,1,0,-1
1182,2,2,0
1183,-1,-5,-4
1186,3,2,-1
1191,1,-2,-3
1194,-2,-2,0
1196,3,2,-1
1197,0,0,0
1199,2,2,0
1201,0,0,0
1204,-4,-5,-1
1206,1,1,0
1207,0,0,0
1210,2,3,1
1214,2,3,1
1215,-2,-2,0
1216,-1,1,2
1218,-3,-4,-1
1221,1,1,0
1222,5,5,0
1227,-1,-1,0
1228,-3,-2,1
1231,0,1,1
1232,1,-1,-2
1233,-1,0,1
1234,-1,1,2
1235,0,1,1
1237,0,-2,-2
1239,0,2,2
1240,1,1,0
1243,-2,1,3
1245,1,1,0
1247,2,0,-2
1250,0,4,4
1251,2,3,1
1257,-1,-4,-3
1259,2,3,1
1260,-2,-4,-2
1262,-2,-1,1
1265,-4,-2,2
1267,0,-1,-1
1268,-2,-1,1
1269,0,-2,-2
1273,3,1,-2
1274,-1,-1,0
1275,2,2,0
1278,-4,-3,1
1279,-2,2,4
1282,1,-1,-2
1283,2,3,1
1284,2,0,-2
1286,-1,2,3
1290,-2,2,4
1291,-1,0,1
1293,-1,-1,0
1294,0,-1,-1
1296,-3,-2,1
1297,0,0,0
1298,-1,-1,0
1299,1,2,1
1300,0,1,1
1302,-1,-1,0
1303,0,-2,-2
1308,1,2,1
1310,2,2,0
1311,4,4,0
1313,-2,0,2
1314,-2,-2,0
1316,-1,2,3
1318,2,0,-2
1322,0,-2,-2
1323,-2,-3,-1
1325,2,1,-1
1327,-3,0,3
1329,3,1,-2
1334,2,1,-1
1337,0,0,0
1338,3,3,0
1340,-1,-2,-1
1342,0,0,0
1344,-2,-3,-1
1345,1,2,1
1349,-1,-1,0
1350,2,1,-1
1351,-2,-2,0
1353,-2,-1,1
1354,-2,-2,0
1355,-2,-1,1
1356,2,-1,-3
1363,2,-1,-3
1364,-2,-2,0
1368,1,-1,-2
1372,-2,-3,-1
1373,-1,-2,-1
1374,2,2,0
1383,-2,1,3
1385,0,-2,-2
1386,0,1,1
1389,0,-1,-1
1390,0,1,1
1391,0,-2,-2
1392,-1,-2,-1
1394,0,0,0
1398,1,-2,-3
1401,0,0,0
1404,3,0,-3
1405,0,0,0
1407,0,0,0
1408,0,0,0
1409,1,1,0
1410,1,0,-1
1414,0,-1,-1
1415,1,1,0
1419,-1,-1,0
1421,3,4,1
1423,-2,-1,1
1424,-1,-3,-2
1432,-2,-2,0
1435,-1,-1,0
1440,1,-1,-2
1441,0,2,2
1442,3,3,0
1444,1,0,-1
1449,-1,0,1
1450,-2,0,2
1451,1,1,0
1452,0,4,4
1457,3,3,0
1460,-1,-1,0
1461,-2,-2,0
1465,2,-2,-4
1472,-2,0,2
1474,-3,-3,0
1475,-1,0,1
1478,-1,-1,0
1481,-1,-1,0
1484,1,0,-1
1485,0,0,0
1487,0,0,0
1490,-4,-4,0
1491,-1,1,2
1494,0,0,0
1495,0,0,0
1496,2,1,-1
1499,-1,-2,-1
1500,1,1,0
1502,4,3,-1
1505,1,2,1
1512,-3,-5,-2
1514,-1,-1,0
1515,-3,-4,-1
1518,-1,-2,-1
1519,2,1,-1
1520,0,0,0
1522,-2,-1,1
1523,-1,0,1
1526,0,1,1
1532,1,2,1
1534,-2,1,3
1535,-5,-2,3
1536,3,3,0
1539,3,3,0
1540,-3,-3,0
1541,3,1,-2
1544,1,-1,-2
1545,-1,1,2
1546,-2,2,4
1548,-2,-5,-3
1551,1,2,1
1554,1,1,0
1555,1,1,0
1557,0,0,0
1559,-3,1,4
1560,0,-2,-2
1561,-2,-3,-1
1565,0,0,0
1566,-3,-1,2
1567,-1,-1,0
1570,-1,-2,-1
1571,-1,1,2
1574,-2,-2,0
1575,0,0,0
1579,-1,2,3
1580,-1,2,3
1582,1,2,1
1584,1,1,0
1586,-2,-2,0
1587,0,0,0
1588,-3,1,4
1589,2,1,-1
1592,0,1,1
1596,-2,-2,0
1602,1,1,0
1606,0,0,0
1607,1,3,2
1609,1,2,1
1610,-1,-1,0
1614,2,2,0
1615,-1,2,3
1620,-5,0,5
1621,-2,-1,1
1622,1,2,1
1623,-4,-2,2
1625,-4,-1,3
1628,1,-1,-2
1630,-3,-4,-1
1631,5,-5,-10
1632,0,0,0
1633,3,1,-2
1634,1,3,2
1637,0,0,0
1643,1,1,0
1644,-1,-2,-1
1663,1,1,0
1665,-3,-5,-2
1669,-2,-2,0
1670,-1,-2,-1
1681,-2,1,3
1682,0,0,0
1683,-4,-3,1
1686,-1,0,1
1689,-3,2,5
1691,-1,-1,0
1692,1,2,1
1694,3,3,0
1696,0,0,0
1697,-2,4,6
1698,-3,-2,1
1700,-3,1,4
1701,-2,-1,1
1704,1,-3,-4
1706,1,-1,-2
1708,-2,-1,1
1711,5,3,-2
1712,-3,-5,-2
1713,2,2,0
1714,2,0,-2
1715,0,1,1
1716,4,3,-1
1721,-3,-3,0
1724,1,-2,-3
1726,-2,1,3
1730,-3,-3,0
1731,1,0,-1
1733,-1,-2,-1
1736,2,-1,-3
1737,2,1,-1
1738,-2,-2,0
1739,-2,-2,0
1740,2,2,0
1741,2,2,0
1742,3,3,0
1743,-1,1,2
1744,2,2,0
1748,2,3,1
1749,0,1,1
1750,0,0,0
1751,2,2,0
1753,-2,-1,1
1754,-2,-2,0
1757,5,-1,-6
1758,1,-2,-3
1759,0,0,0
1763,-3,-1,2
1765,3,-2,-5
1766,1,2,1
1771,-2,-4,-2
1773,0,1,1
1774,2,0,-2
1775,-1,-2,-1
1776,-3,-3,0
1777,0,1,1
1780,1,2,1
1782,2,0,-2
1785,-5,0,5
1786,3,2,-1
1787,3,4,1
1789,1,0,-1
1791,1,1,0
1793,-2,-3,-1
1794,-5,-3,2
1795,-2,0,2
1797,1,0,-1
1798,-2,2,4
1799,3,2,-1
1800,0,-1,-1
1801,1,1,0
1807,-1,0,1
1808,-3,-1,2
1811,-3,-3,0
1813,2,1,-1
1814,0,-2,-2
1816,-1,-3,-2
1817,-2,1,3
1819,0,0,0
1820,2,1,-1
1823,0,1,1
1825,-2,-2,0
1828,-2,-3,-1
1833,0,1,1
1834,-1,-1,0
1839,1,2,1
1840,-5,0,5
1841,1,1,0
1843,-2,-2,0
1845,-1,-2,-1
1846,2,3,1
1847,3,2,-1
1849,0,0,0
1852,1,-1,-2
1854,-2,-1,1
1855,1,-4,-5
1859,5,5,0
1860,0,-1,-1
1861,0,0,0
1862,2,2,0
1863,-2,-3,-1
1866,1,0,-1
1877,-1,-1,0
1880,1,2,1
1881,2,-2,-4
1886,0,-3,-3
1888,1,1,0
1890,0,-3,-3
1892,-5,-5,0
1894,2,3,1
1896,-2,-2,0
1897,-2,-1,1
1901,-4,-5,-1
1903,-2,-4,-2
1904,1,0,-1
1905,-2,-2,0
1906,-1,0,1
1909,-2,-1,1
1910,-1,2,3
1911,-2,-4,-2
1913,-2,-3,-1
1915,1,1,0
1919,-1,-1,0
1925,0,0,0
1926,-1,-1,0
1927,-1,3,4
1930,0,1,1
1932,1,2,1
1933,-3,-2,1
1934,1,3,2
1935,-1,-1,0
1936,-3,2,5
1937,-2,-1,1
1938,0,0,0
1939,1,0,-1
1941,-3,-3,0
1945,-2,-2,0
1946,-2,-2,0
1949,1,2,1
1951,1,2,1
1953,-1,-2,-1
1957,-3,0,3
1960,-3,1,4
1963,1,2,1
1964,-2,-2,0
1965,2,1,-1
1967,-1,1,2
1968,-2,-2,0
1971,-2,-1,1
1972,-2,2,4
1973,-4,-4,0
1974,2,3,1
1975,0,0,0
1977,-2,-1,1
1978,-2,-1,1
1980,0,0,0
1981,1,2,1
1982,-1,0,1
1987,-2,-2,0
1990,0,-1,-1
1991,-2,1,3
1993,-1,-1,0
1999,-2,-5,-3
2002,5,5,0
2004,-4,-4,0
2009,-1,1,2
2010,-2,-1,1
2011,0,0,0
2012,2,2,0
2013,0,-3,-3
2018,1,1,0
2019,-2,-3,-1
2024,0,0,0
2026,-5,-2,3
2029,-2,0,2
2030,-3,-4,-1
2033,-2,-1,1
2034,-1,-3,-2
2036,2,2,0
2037,3,-2,-5
2039,-2,-2,0
2041,-2,-1,1
2042,4,1,-3
2045,-1,3,4
2048,1,1,0
2049,2,1,-1
2053,-3,-3,0
2057,-2,-2,0
2058,0,0,0
2059,1,5,4
2063,0,0,0
2067,1,1,0
2068,-1,-1,0
2069,-1,-1,0
2071,0,0,0
2073,-1,-2,-1
2077,-1,-1,0
2080,0,0,0
2085,5,5,0
2086,-3,-2,1
2087,0,1,1
2088,-3,-3,0
2089,2,2,0
2090,1,1,0
2091,1,0,-1
2092,2,-2,-4
2093,0,0,0
2094,-2,-2,0
2098,0,0,0
2101,-1,2,3
2104,-3,-2,1
2105,1,-3,-4
2106,1,-2,-3
2108,-1,-1,0
2111,2,0,-2
2112,3,-3,-6
2120,0,-2,-2
2121,-2,-2,0
2123,-3,-3,0
2125,-1,-2,-1
2126,-2,-1,1
2129,-4,0,4
2132,0,0,0
2133,0,-1,-1
2136,-1,-1,0
2137,0,0,0
2138,3,5,2
2140,-1,2,3
2141,-1,-2,-1
2144,4,3,-1
2145,-2,-2,0
2149,-1,-1,0
2150,-2,-1,1
2153,0,-1,-1
2158,-1,-2,-1
2159,-2,-1,1
2161,1,1,0
2162,0,0,0
2163,2,2,0
2164,1,1,0
2165,0,-2,-2
2166,0,0,0
2167,0,2,2
2168,2,1,-1
2170,-2,1,3
2174,2,-2,-4
2175,0,0,0
2177,0,-2,-2
2179,-1,-1,0
2180,0,0,0
2181,-2,-2,0
2183,-1,-4,-3
2187,-4,-4,0
2188,1,0,-1
2189,0,0,0
2190,-2,-1,1
2191,-2,2,4
2194,2,-1,-3
2195,1,2,1
2197,-1,-1,0
2201,2,1,-1
2203,2,2,0
2204,-2,-1,1
2205,0,-1,-1
2208,-1,-3,-2
2209,2,2,0
2212,0,-2,-2
2215,-1,-1,0
2218,2,1,-1
2219,3,2,-1
2220,-2,-2,0
2222,0,-1,-1
2223,2,2,0
2224,2,2,0
2226,1,1,0
2227,2,2,0
2234,1,0,-1
2235,1,0,-1
2236,3,-3,-6
2237,1,-2,-3
2240,1,2,1
2242,-2,-1,1
2243,0,-1,-1
2249,-2,-4,-2
2250,-1,-3,-2
2257,-4,-2,2
2258,0,-1,-1
2263,-2,2,4
2266,-1,0,1
2271,2,0,-2
2274,0,-1,-1
2277,0,2,2
2281,-1,0,1
2284,-2,-5,-3
2286,0,0,0
2287,4,3,-1
2291,-1,2,3
2294,1,0,-1
2295,-2,-1,1
2303,0,1,1
2309,-1,2,3
2310,2,2,0
2311,-1,-1,0
2312,-2,-1,1
2313,5,-2,-7
2314,2,3,1
2315,-1,1,2
2316,0,1,1
2320,-3,-2,1
2322,-1,2,3
2323,-2,2,4
2327,-3,-3,0
2328,0,-1,-1
2333,0,-1,-1
2334,1,0,-1
2340,0,0,0
2342,-1,-3,-2
2343,-3,-3,0
2347,2,1,-1
2348,2,4,2
2349,0,1,1
2355,2,0,-2
2359,-5,0,5
2360,-3,-4,-1
2361,-1,0,1
2363,3,3,0
2364,-2,-4,-2
2365,0,1,1
2366,-1,1,2
2367,0,1,1
2368,0,1,1
2370,3,1,-2
2371,0,-2,-2
2372,-2,0,2
2375,-1,1,2
2378,0,2,2
2379,0,1,1
2380,1,3,2
2381,-2,-1,1
2389,-3,2,5
2390,-1,-3,-2
2392,5,5,0
2393,-3,-3,0
2395,-1,-1,0
2397,5,5,0
2404,-1,-1,0
2406,0,0,0
2408,4,3,-1
2410,-1,3,4
2413,-2,3,5
2414,1,0,-1
2418,2,0,-2
2419,2,2,0
2421,-1,1,2
2423,-1,0,1
2424,0,-1,-1
2427,2,1,-1
2429,-1,-2,-1
2431,1,0,-1
2432,-1,-1,0
2435,1,-2,-3
2436,-3,-1,2
2437,-2,-2,0
2440,3,-3,-6
2443,-1,1,2
2444,2,0,-2
2445,1,3,2
2449,0,0,0
2450,2,1,-1
2451,-1,-2,-1
2455,2,2,0
2458,-1,-1,0
2459,0,-5,-5
2460,1,3,2
2461,-3,-2,1
2462,-2,-2,0
2463,1,-1,-2
2464,-2,-2,0
2465,-2,-5,-3
2466,1,-5,-6
2468,0,-2,-2
2469,0,-2,-2
2472,-1,-3,-2
2474,-3,-2,1
2475,-3,2,5
2476,0,0,0
2479,2,1,-1
2487,-2,-3,-1
2488,1,1,0
2489,-4,-2,2
2490,0,0,0
2495,2,2,0
2501,3,1,-2
2502,-3,-3,0
2504,1,1,0
2507,-1,0,1
2509,2,2,0
2510,-5,-4,1
2512,0,0,0
2514,1,0,-1
2516,-4,-1,3
2518,2,-3,-5
2519,3,4,1
2520,0,0,0
2522,-1,0,1
2524,0,1,1
2527,1,-2,-3
2528,-5,0,5
2532,-3,-1,2
2533,1,-1,-2
2535,-3,-3,0
2536,2,1,-1
2545,-4,-1,3
2550,1,2,1
2552,0,1,1
2555,1,3,2
2559,0,0,0
2560,1,2,1
2562,-1,-1,0
2565,-4,-3,1
2567,0,0,0
2569,0,1,1
2572,2,2,0
2576,4,-3,-7
2577,3,4,1
2580,-1,2,3
2589,2,2,0
2590,-2,1,3
2596,-1,1,2
2597,1,2,1
2598,-4,-3,1
2599,0,1,1
2600,0,1,1
2602,2,0,-2
2605,1,-1,-2
2606,2,3,1
2607,1,-2,-3
2610,0,0,0
2611,0,1,1
2612,1,2,1
2619,-2,-2,0
2622,0,0,0
2625,-1,1,2
2628,0,2,2
2629,2,3,1
2631,-2,-2,0
2632,2,-1,-3
2635,1,1,0
2637,2,1,-1
2638,1,1,0
2639,0,2,2
2640,-3,-5,-2
2642,-2,-1,1
2646,-2,3,5
2649,-2,-2,0
2651,-1,1,2
2654,2,0,-2
2655,2,2,0
2659,2,2,0
2662,0,-2,-2
2665,-3,-4,-1
2675,0,0,0
2676,2,1,-1
2677,0,0,0
2679,0,-1,-1
2682,2,2,0
2688,-1,-2,-1
2690,-1,0,1
2693,2,3,1
2701,-2,-2,0
2703,-1,-2,-1
2704,-2,-2,0
2707,-2,-4,-2
2708,-1,0,1
2710,1,-1,-2
2716,-2,1,3
2717,-4,-2,2
2718,0,-1,-1
2720,0,0,0
2723,-1,1,2
2724,-1,-1,0
2726,4,5,1
2727,-1,-5,-4
2728,-3,-3,0
2731,1,1,0
2732,-1,0,1
2733,2,2,0
2734,-1,0,1
2735,0,-1,-1
2736,1,1,0
2738,0,0,0
2739,0,0,0
2742,0,-1,-1
2746,-2,-2,0
2748,-1,2,3
2750,0,1,1
2751,-3,1,4
2752,-1,1,2
2754,0,1,1
2755,2,2,0
2758,1,-1,-2
2759,-4,-3,1
2761,4,3,-1
2765,0,1,1
2767,-2,-1,1
2768,0,0,0
2771,4,-3,-7
2772,1,2,1
2774,-2,-2,0
2777,-1,-1,0
2778,-3,-3,0
2780,-1,-1,0
2783,0,1,1
2785,0,0,0
2791,-1,0,1
2793,-1,0,1
2794,1,0,-1
2795,0,0,0
2796,1,1,0
2800,-5,-3,2
2804,-1,-1,0
2806,1,0,-1
2807,0,3,3
2808,-4,-3,1
2811,0,0,0
2812,-1,0,1
2813,-2,-3,-1
2814,-1,-1,0
2815,1,0,-1
2816,2,3,1
2823,-1,0,1
2827,-2,1,3
2828,-3,1,4
2829,1,1,0
2830,-1,-4,-3
2833,-2,2,4
2834,-2,0,2
2836,0,0,0
2838,2,2,0
2840,-1,0,1
2842,4,1,-3
2844,0,0,0
2847,2,2,0
2849,-2,0,2
2851,0,1,1
2855,-2,-2,0
2858,1,0,-1
2860,2,0,-2
2861,-2,0,2
2864,-2,-1,1
2865,2,-1,-3
2866,-3,1,4
2867,-2,-1,1
2868,-3,-3,0
2869,3,2,-1
2874,1,1,0
2876,-1,0,1
2877,-1,1,2
2879,2,-3,-5
2880,2,-2,-4
2881,1,1,0
2883,5,5,0
2884,1,2,1
2887,2,-1,-3
2888,1,-2,-3
2889,-1,-2,-1
2891,-3,-3,0
2892,3,3,0
2893,-1,1,2
2894,3,3,0
2896,2,-1,-3
2897,0,1,1
2899,0,3,3
2901,-2,1,3
2904,-3,-1,2
2905,1,1,0
2907,-1,-2,-1
2909,-3,-3,0
2912,0,2,2
2914,-1,-2,-1
2916,1,2,1
2917,3,1,-2
2918,0,0,0
2921,0,0,0
2922,1,-1,-2
2924,-3,-5,-2
2926,-2,-1,1
2928,1,1,0
2930,1,2,1
2935,-1,-1,0
2937,-3,-3,0
2941,-4,-1,3
2943,-1,0,1
2945,-2,-3,-1
2946,-2,-2,0
2947,2,1,-1
2948,2,1,-1
2949,2,4,2
2951,2,1,-1
2952,-1,2,3
2953,2,3,1
2954,0,-2,-2
2960,-2,1,3
2962,-1,-1,0
2963,-1,-2,-1
2964,3,2,-1
2966,0,0,0
2967,-1,-3,-2
2969,2,1,-1
2970,0,1,1
2975,-1,2,3
2976,1,-1,-2
2978,2,0,-2
2980,-2,3,5
2983,1,1,0
2987,-1,-2,-1
2989,-4,-5,-1
2990,-3,-2,1
2991,2,0,-2
2995,2,-2,-4
2996,2,1,-1
2998,2,1,-1
2999,-1,-1,0
3000,2,1,-1
3003,-2,-2,0
3004,1,2,1
3007,3,4,1
3008,1,1,0
3010,-2,-2,0
3011,-3,-3,0
3013,-1,-2,-1
3014,0,0,0
3018,2,-1,-3
3019,-5,-5,0
3020,-1,2,3
3021,2,-5,-7
3022,-3,-1,2
3024,2,1,-1
3025,-3,-3,0
3026,-3,-2,1
3029,2,0,-2
3032,0,0,0
3036,1,0,-1
3039,3,3,0
3040,2,2,0
3041,-4,-4,0
3043,1,1,0
3048,-2,-2,0
3051,-1,-1,0
3055,0,0,0
3057,3,2,-1
3059,-2,-2,0
3061,-1,-2,-1
3062,2,2,0
3065,0,2,2
3070,-2,1,3
3071,0,0,0
3074,3,3,0
3076,0,-1,-1
3080,-1,1,2
3081,2,3,1
3084,5,-1,-6
3085,-1,-2,-1
3086,0,1,1
3088,-3,-3,0
3089,3,3,0
3095,2,-3,-5
3099,4,3,-1
3100,-3,-2,1
3103,2,2,0
3104,1,1,0
3106,-2,-2,0
3108,1,1,0
3110,-1,1,2
3111,-3,-1,2
3112,-1,-4,-3
3113,2,0,-2
3115,0,0,0
3119,-1,-1,0
3120,-1,1,2
3125,-2,0,2
3126,-1,1,2
3127,-1,-3,-2
3130,3,1,-2
3133,-1,2,3
9531,-1,-2,-1
9545,4,-1,-5
9567,0,0,0
9582,-1,1,2
9584,-1,1,2
9585,3,3,0
9588,-1,2,3
9609,1,3,2
9638,0,-2,-2
9651,1,-2,-3
9652,-1,-2,-1
9665,2,4,2
9678,-2,0,2
9687,-3,-3,0
9703,-1,2,3
9707,2,-2,-4
9713,-3,1,4
9715,3,2,-1
9727,-1,-1,0
9739,-4,0,4
9770,3,3,0
9783,-1,1,2
9787,-1,-1,0
9791,-1,0,1
9816,-3,-2,1
9820,0,-1,-1
9824,1,2,1
9826,-2,-1,1
9827,0,0,0
9833,-2,-2,0
9849,2,2,0
9856,0,0,0
9870,-1,-3,-2
9875,0,-1,-1
9882,-2,-3,-1
9891,-3,-2,1
9895,3,0,-3
9901,0,0,0
9910,-2,0,2
9928,1,-3,-4
9942,3,2,-1
9958,2,2,0
9959,1,2,1
9962,1,1,0
9965,-2,-3,-1
9969,0,-3,-3
9970,-2,-1,1
10008,-2,2,4
10017,-3,-4,-1
10045,0,1,1
10051,0,2,2
10060,-2,1,3
10064,4,-2,-6
10085,1,-2,-3
10089,2,1,-1
10096,-2,-1,1
10101,-3,-2,1
10110,0,0,0
10112,-3,-3,0
10118,2,0,-2
10120,2,1,-1
10124,-2,3,5
10131,-2,-1,1
10166,2,-1,-3
10169,1,-1,-2
10172,0,0,0
10187,-1,-1,0
10199,-1,-2,-1
10209,2,0,-2
10210,3,2,-1
10218,-1,-1,0
10221,2,-1,-3
10229,0,0,0
10255,5,2,-3
10272,-1,-2,-1
10295,0,-1,-1
10300,0,-2,-2
10304,0,1,1
10305,-1,0,1
10313,-2,-2,0
10317,0,1,1
10321,-2,-2,0
10332,5,5,0
10335,2,2,0
10353,-1,2,3
10361,1,0,-1
10363,5,2,-3
10364,-2,1,3
10387,0,-1,-1
10435,3,0,-3
10442,0,-2,-2
10463,0,-1,-1
10465,1,3,2
10466,-1,-1,0
10492,1,1,0
10494,-1,-1,0
10506,-1,-1,0
10510,-1,-2,-1
10512,1,2,1
10530,-1,-2,-1
10534,-4,-4,0
10541,2,2,0
10543,1,3,2
10573,-2,-1,1
10583,-3,-2,1
10595,2,2,0
10651,0,3,3
10662,0,-5,-5
10669,1,-2,-3
10674,1,2,1
10675,0,-1,-1
10681,1,1,0
10685,1,-1,-2
10694,-4,-2,2
10709,2,2,0
10719,1,0,-1
10720,-3,-2,1
10742,-1,1,2
10746,0,-2,-2
10749,-3,-4,-1
10754,-2,0,2
10758,-1,0,1
10767,1,1,0
10769,2,0,-2
10783,3,5,2
10799,0,1,1
10800,2,3,1
10812,-2,-2,0
10820,1,-1,-2
10853,2,2,0
10865,-1,0,1
10871,2,4,2
10887,1,3,2
10894,2,1,-1
10926,-1,-1,0
10940,-3,-1,2
10959,2,2,0
10966,3,2,-1
10982,1,1,0
11006,-2,0,2
11038,2,-1,-3
11040,-1,-1,0
11042,-1,-2,-1
11071,-1,-2,-1
11077,1,1,0
11135,1,1,0
11160,-2,-1,1
11166,2,1,-1
11172,2,2,0
11173,-1,-2,-1
11195,0,1,1
11206,0,-1,-1
11216,-2,-1,1
11217,-2,-2,0
11219,-3,-2,1
11220,1,1,0
11221,2,1,-1
11242,0,-1,-1
11246,0,2,2
11272,2,2,0
11274,0,0,0
11278,-1,-3,-2
11302,1,1,0
11307,-1,0,1
11324,-3,-4,-1
11327,-4,-2,2
11329,-1,-2,-1
11347,3,1,-2
11350,1,1,0
11354,-5,1,6
11355,-2,-2,0
11371,1,1,0
11377,2,2,0
11385,3,3,0
11388,1,1,0
11408,0,1,1
11413,-2,1,3
11417,5,3,-2
11421,2,2,0
11425,1,1,0
11440,2,0,-2
11465,0,1,1
11474,1,2,1
11476,0,0,0
11484,3,0,-3
11485,2,-2,-4
11491,-2,-1,1
11504,0,-1,-1
11513,-3,2,5
11519,-2,0,2
11520,2,2,0
11521,-2,-1,1
11544,3,3,0
11574,-1,4,5
11579,-1,-2,-1
11585,-3,-2,1
11590,-2,-1,1
11613,-1,0,1
11617,-3,-2,1
11618,0,1,1
11630,0,0,0
11642,2,1,-1
11648,-2,-1,1
11663,1,1,0
11665,0,0,0
11670,0,0,0
11691,2,2,0
11692,-1,2,3
11698,0,-1,-1
11707,0,0,0
11710,-1,-3,-2
11713,0,0,0
11724,3,2,-1
11744,2,2,0
11753,0,-4,-4
11769,4,3,-1
11770,-2,0,2
11781,-3,0,3
11797,2,2,0
11845,-2,-2,0
11851,-1,1,2
11862,-3,0,3
11863,0,0,0
11873,1,2,1
11875,1,1,0
11880,2,3,1
11891,2,2,0
11907,0,0,0
11909,-1,1,2
11918,-2,0,2
11923,2,1,-1
11949,-4,-3,1
11953,3,1,-2
11970,0,0,0
11986,-1,2,3
11996,-1,-2,-1
11999,2,0,-2
12023,2,-1,-3
12029,2,-3,-5
12066,-1,1,2
12068,-1,1,2
12071,-1,-2,-1
12088,-1,1,2
12114,0,2,2
12119,1,1,0
12121,2,2,0
12122,2,0,-2
12124,1,1,0
12137,4,3,-1
12144,2,2,0
12149,2,2,0
12153,2,4,2
12157,3,4,1
12162,1,2,1
12173,2,2,0
12174,-1,1,2
12180,0,2,2
12182,-1,0,1
12219,-2,-1,1
12220,-5,-3,2
12246,2,2,0
12261,-1,-3,-2
12272,2,1,-1
12297,-1,1,2
12303,1,1,0
12317,2,0,-2
12325,1,2,1
12326,-2,-3,-1
12331,0,2,2
12336,0,0,0
12346,-1,-1,0
12359,0,0,0
12367,-3,-2,1
12368,4,-2,-6
12371,-1,0,1
12383,-2,1,3
12389,0,1,1
12398,-1,3,4
12403,-5,-4,1
12405,0,1,1
12418,0,1,1
12427,2,0,-2
12449,3,-2,-5
12453,0,2,2
12460,-2,-2,0
12477,3,4,1
12527,-3,-3,0
12544,-3,-2,1
12550,-1,-1,0
12555,1,0,-1
12557,0,0,0
12616,1,-2,-3
12625,2,2,0
12636,3,2,-1
12662,2,2,0
12663,2,2,0
12664,0,1,1
12676,4,3,-1
12685,-3,-3,0
12695,-2,1,3
12698,-1,-4,-3
12713,0,0,0
12728,1,0,-1
12760,0,2,2
12761,-1,-1,0
12766,-1,1,2
12777,2,1,-1
12780,2,2,0
12787,-2,-2,0
12801,3,4,1
12802,0,1,1
12846,1,1,0
12861,1,0,-1
12884,1,1,0
12895,4,2,-2
12907,3,3,0
12915,0,1,1
12917,-1,1,2
12925,2,1,-1
12941,-3,-2,1
12942,2,2,0
12952,-1,-1,0
12959,2,1,-1
12962,0,2,2
12968,-2,-1,1
12970,1,-1,-2
12979,0,-3,-3
12980,0,0,0
12987,-1,0,1
12993,-1,1,2
13000,-2,0,2
13023,1,0,-1
13028,-2,2,4
13031,1,-1,-2
13042,-5,-2,3
13106,2,-1,-3
13191,1,-1,-2
13192,-2,-3,-1
13221,-2,-1,1
13222,-1,-3,-2
13223,1,-1,-2
13258,-1,-2,-1
13276,0,0,0
13280,0,0,0
13287,2,3,1
13293,-2,-2,0
13302,-2,-1,1
13317,0,1,1
13330,-1,0,1
13338,-1,-1,0
13351,-3,-1,2
13356,1,1,0
13377,-3,-1,2
13383,-1,1,2
13396,-1,-2,-1
13414,2,5,3
13415,-3,-2,1
13424,3,1,-2
13427,-1,1,2
13444,-1,2,3
13451,1,2,1
13457,1,0,-1
13482,0,1,1
13485,0,0,0
13498,-4,3,7
13507,2,2,0
13510,-5,-3,2
13514,-2,3,5
13518,-2,1,3
13532,0,1,1
13563,-2,-2,0
13573,-3,-3,0
13575,0,0,0
13580,2,1,-1
13602,2,2,0
13610,2,0,-2
13611,2,2,0
13615,-1,-2,-1
13617,-1,-1,0
13622,4,2,-2
13630,0,-5,-5
13670,-1,1,2
13671,2,1,-1
13683,1,2,1
13700,-5,-5,0
13701,-2,-2,0
13709,0,0,0
13711,-1,1,2
13726,-2,-2,0
13729,2,2,0
13749,0,1,1
13768,-1,1,2
13769,3,4,1
13779,0,0,0
13780,-4,-4,0
13789,-4,-5,-1
13790,-5,-5,0
13796,-2,3,5
13802,-2,-1,1
13807,1,1,0
13820,-2,-2,0
13836,-1,-1,0
13837,3,3,0
13854,-1,-1,0
13855,0,0,0
13867,1,-1,-2
13875,1,0,-1
13878,2,2,0
13884,-1,-2,-1
13894,-2,-2,0
13897,-3,2,5
13907,-3,-2,1
13934,1,1,0
13941,0,0,0
13945,-4,-3,1
13948,-3,-2,1
13966,-4,-1,3
13975,1,2,1
13984,-4,-2,2
13992,3,2,-1
14005,-1,0,1
14009,-3,-1,2
14012,0,0,0
14021,-2,0,2
14039,1,0,-1
14066,-1,-1,0
14071,2,3,1
14088,2,2,0
14089,-1,0,1
14106,0,2,2
14111,-3,-1,2
14112,-2,-2,0
14117,-3,-2,1
14123,1,1,0
14144,0,1,1
14156,-4,-4,0
14159,2,2,0
14160,-3,0,3
14163,-1,-2,-1
14205,-1,1,2
14218,3,3,0
14221,1,1,0
14225,1,1,0
14228,-4,-4,0
14248,1,0,-1
14252,-1,2,3
14253,-2,-2,0
14259,-2,-1,1
14277,-5,-5,0
14284,-4,-2,2
14297,-1,-2,-1
14308,2,0,-2
14321,1,-3,-4
14338,-1,0,1
14344,-2,-2,0
14358,1,1,0
14385,0,0,0
14402,0,0,0
14427,-5,-5,0
14434,-2,-2,0
14456,0,-2,-2
14476,1,1,0
14479,0,0,0
14487,-2,-2,0
14488,-1,1,2
14492,0,2,2
14511,-1,2,3
14517,2,2,0
14527,2,2,0
14532,5,3,-2
14551,1,2,1
14613,2,5,3
14617,-5,-5,0
14626,-2,-2,0
14634,0,-1,-1
14651,-1,-2,-1
14657,1,3,2
14658,0,2,2
14662,-2,0,2
14664,-1,-1,0
14668,0,0,0
14687,2,-1,-3
14701,-1,1,2
14718,0,-1,-1
14729,1,1,0
14738,-3,1,4
14740,0,-1,-1
14746,1,2,1
14751,1,2,1
14762,0,2,2
14771,3,-1,-4
14773,-1,2,3
14782,-1,-1,0
14785,2,1,-1
14791,-1,1,2
14800,-1,0,1
14856,-4,-5,-1
14860,-3,-2,1
14866,-2,-2,0
14869,2,2,0
14883,0,0,0
14900,-2,-2,0
14934,3,2,-1
14935,-2,-2,0
14965,0,1,1
14969,0,0,0
14970,0,2,2
14974,0,0,0
14991,-1,1,2
15023,2,1,-1
15027,-1,-1,0
15035,0,2,2
15036,2,1,-1
15046,1,2,1
15047,2,2,0
15059,-2,-3,-1
15074,-1,-2,-1
15076,1,-3,-4
15078,0,0,0
15087,1,3,2
15089,-1,-2,-1
15096,0,1,1
15098,2,-2,-4
15100,0,2,2
15106,-2,-2,0
15107,4,4,0
15113,1,-1,-2
15116,3,1,-2
15146,-1,-2,-1
15157,-3,-3,0
15160,0,-1,-1
15163,1,1,0
15166,5,0,-5
15174,2,2,0
15183,0,1,1
15204,-1,0,1
15213,2,2,0
15220,-2,-2,0
15230,1,-1,-2
15236,-1,-3,-2
15261,-2,-2,0
15275,-2,-2,0
15287,1,0,-1
15292,-3,-4,-1
15299,1,-1,-2
15301,1,1,0
15306,-1,1,2
15316,0,2,2
15336,0,0,0
15346,1,3,2
15352,0,1,1
15371,-2,-2,0
15393,3,2,-1
15412,-1,1,2
15425,2,2,0
15437,-2,-2,0
15440,1,1,0
15441,-2,-2,0
15448,2,2,0
15460,0,-1,-1
15465,2,2,0
15471,0,0,0
15503,-1,-2,-1
15504,-1,-2,-1
15507,1,0,-1
15516,0,-1,-1
15519,2,2,0
15524,-2,-2,0
15545,2,1,-1
15564,-1,0,1
15567,2,2,0
15575,-3,-2,1
15608,-5,-3,2
15618,-5,-2,3
15636,-1,-3,-2
15645,2,2,0
15661,1,1,0
15664,-1,-2,-1
15667,-1,-1,0
15678,2,-1,-3
15691,-1,1,2
15696,-2,-3,-1
15697,-2,-1,1
15716,2,2,0
15725,3,2,-1
15726,3,2,-1
15751,-2,-2,0
15759,-2,-3,-1
15761,-5,-2,3
15770,-1,-2,-1
15781,2,5,3
15783,-1,-2,-1
15799,0,-2,-2
15802,-1,-3,-2
15804,2,4,2
15808,-2,-4,-2
15817,0,0,0
15821,-1,-2,-1
15824,3,3,0
15831,-2,-2,0
15833,-1,1,2
15839,0,2,2
15845,-4,-2,2
15860,-2,0,2
15909,1,1,0
15912,0,0,0
15914,-1,-2,-1
15921,1,1,0
15926,-1,0,1
15929,0,1,1
15933,-1,-2,-1
15951,-3,-1,2
15952,-3,-5,-2
16006,-2,-4,-2
16024,-1,2,3
16028,0,-2,-2
16041,-1,0,1
16051,4,1,-3
16088,3,2,-1
16102,-3,-2,1
16104,-2,-2,0
16105,3,2,-1
16109,0,-1,-1
16115,-2,0,2
16119,1,1,0
16126,2,3,1
16132,0,0,0
16135,-5,-5,0
16142,2,-1,-3
16151,4,3,-1
16155,-1,-1,0
16157,0,2,2
16160,2,2,0
16162,1,1,0
16169,0,1,1
16172,3,2,-1
16181,2,2,0
16183,-2,-2,0
16189,-3,-3,0
16192,-1,0,1
16222,1,2,1
16226,2,1,-1
16240,2,1,-1
16247,0,3,3
16260,-2,-1,1
16274,0,-1,-1
16282,2,3,1
16302,-3,-3,0
16320,-1,-1,0
16328,-1,-2,-1
16334,-2,0,2
16349,1,1,0
16359,5,5,0
16360,2,2,0
16371,0,0,0
16393,0,0,0
16401,-2,-2,0
16402,-1,0,1
16403,-1,0,1
16432,2,-1,-3
16439,2,3,1
16446,0,0,0
16450,1,2,1
16460,0,0,0
16462,1,1,0
16471,-2,1,3
16475,1,-2,-3
16483,0,1,1
16518,0,0,0
16526,-1,-1,0
16556,-1,1,2
16560,1,-1,-2
16563,0,-1,-1
16567,1,1,0
16569,-2,-2,0
16596,-1,-3,-2
16603,0,0,0
16613,0,1,1
16614,-1,0,1
16615,-1,-2,-1
16647,-2,1,3
16648,-5,-3,2
16667,1,1,0
16679,0,1,1
16718,-2,-2,0
16729,3,-3,-6
16731,-1,-2,-1
16756,0,-2,-2
16766,1,1,0
16780,1,1,0
16805,-2,3,5
16810,2,5,3
16826,2,0,-2
16838,-1,-1,0
16843,0,0,0
16865,2,0,-2
16868,-4,3,7
16922,-2,-1,1
16932,-1,-2,-1
16939,-2,-1,1
16954,1,-2,-3
16959,-3,-3,0
16969,-2,-2,0
16972,1,0,-1
16974,1,1,0
16979,1,2,1
16988,-1,-1,0
17007,-1,-3,-2
17008,2,1,-1
17011,0,0,0
17018,-1,-1,0
17024,-2,-2,0
17057,1,-1,-2
17062,-1,3,4
17072,-1,-2,-1
17102,0,0,0
17103,3,3,0
17132,1,1,0
17136,0,-1,-1
17138,0,-3,-3
17179,-4,-2,2
17184,0,1,1
17190,-2,-1,1
17193,-4,-2,2
17194,0,0,0
17197,-3,-3,0
17208,1,0,-1
17228,1,-1,-2
17241,1,1,0
17243,-3,-2,1
17252,0,1,1
17255,1,1,0
17284,-2,-2,0
17293,-1,0,1
17295,1,1,0
17304,3,3,0
17308,4,5,1
17316,-2,0,2
17348,-2,1,3
17351,-1,-2,-1
17353,1,1,0
17367,1,-1,-2
17371,2,1,-1
17373,0,3,3
17379,-1,2,3
17391,1,0,-1
17397,-1,-1,0
17405,0,0,0
17409,0,-1,-1
17433,2,-2,-4
17437,0,0,0
17442,5,5,0
17448,3,-5,-8
17476,-2,-2,0
17478,2,1,-1
17487,-1,-1,0
17496,1,-1,-2
17511,-2,-2,0
17515,-2,-1,1
17530,1,1,0
17532,1,0,-1
17539,0,-2,-2
17544,0,1,1
17561,2,2,0
17570,-1,-1,0
17573,-3,-3,0
17574,2,2,0
17582,-2,-1,1
17594,-2,-2,0
17619,0,0,0
17620,3,1,-2
17621,2,2,0
17626,2,2,0
17669,1,-4,-5
17682,0,0,0
17701,-1,-3,-2
17728,3,3,0
17732,-2,0,2
17741,2,-1,-3
17747,2,2,0
17752,1,1,0
17779,3,3,0
17791,1,1,0
17815,0,0,0
17843,-2,-2,0
17872,2,1,-1
17873,-1,-2,-1
17881,0,0,0
17903,-4,-5,-1
17910,3,-3,-6
17924,-1,-2,-1
17935,1,1,0
17949,0,2,2
17961,1,2,1
17972,0,1,1
17992,2,3,1
18007,1,-2,-3
18010,-1,1,2
18025,-3,-3,0
18035,-1,0,1
18037,-2,0,2
18078,1,1,0
18081,-1,0,1
18106,-2,-1,1
18109,-1,-1,0
18112,-1,1,2
18119,1,1,0
18155,-2,-1,1
18156,2,1,-1
18162,2,2,0
18164,-2,-1,1
18168,-2,-3,-1
18172,-3,-3,0
18192,0,1,1
18193,0,-3,-3
18202,1,0,-1
18217,-2,-3,-1
18253,-2,-1,1
18260,0,0,0
18272,2,-1,-3
18279,2,2,0
18286,1,1,0
18303,3,-1,-4
18305,2,0,-2
18321,2,2,0
18324,2,0,-2
18349,1,1,0
18351,-1,2,3
18389,2,2,0
18390,0,0,0
18402,0,-2,-2
18407,-1,2,3
18430,-1,1,2
18447,2,3,1
18451,-2,-2,0
18459,0,0,0
18482,0,0,0
18498,-1,-1,0
18500,-1,-2,-1
18526,0,3,3
18549,-3,-3,0
18556,2,2,0
18560,-2,0,2
18574,-2,1,3
18580,-4,-3,1
18610,-1,1,2
18615,3,0,-3
18616,-1,-1,0
18619,-2,0,2
18625,0,-1,-1
18627,-1,1,2
18628,-2,0,2
18642,2,3,1
18646,0,1,1
18649,0,0,0
18658,2,2,0
18667,-3,2,5
18675,1,3,2
18684,2,2,0
18693,-2,-5,-3
18694,3,3,0
18700,-2,-2,0
18721,-2,-1,1
18725,5,3,-2
18736,1,1,0
18749,0,-1,-1
18769,-1,2,3
18780,-3,-3,0
18796,0,3,3
18817,1,2,1
18819,1,-1,-2
18829,2,-5,-7
18830,2,0,-2
18872,-2,0,2
18879,-3,-2,1
18894,0,0,0
18911,0,1,1
18940,-4,-3,1
18949,1,-3,-4
18958,0,0,0
18972,-4,3,7
18983,-1,-1,0
18988,-1,-1,0
19020,-1,-5,-4
19028,1,-2,-3
19032,-4,-2,2
19060,1,-1,-2
19072,1,2,1
19085,-1,1,2
19102,0,0,0
19103,0,2,2
19114,-1,1,2
19144,-1,-1,0
19150,-2,-2,0
19151,-1,1,2
19155,1,-1,-2
19218,-1,0,1
19229,-3,3,6
19230,3,3,0
19244,-3,-2,1
19245,-3,-3,0
19263,5,5,0
19278,2,1,-1
19297,-2,0,2
19304,-1,-1,0
19316,-2,-1,1
19318,2,2,0
19323,0,-2,-2
19344,-1,-1,0
19353,0,-1,-1
19364,1,3,2
19377,0,-1,-1
19386,0,-2,-2
19388,-1,1,2
19414,-1,-1,0
19417,-2,-2,0
19429,-2,-2,0
19431,-3,-2,1
19434,1,1,0
19437,-3,-3,0
19446,0,0,0
19451,-2,-2,0
19454,-2,1,3
19456,-4,-5,-1
19492,1,1,0
19495,0,0,0
19498,-2,-2,0
19503,2,1,-1
19507,-2,0,2
19510,-1,-1,0
19526,0,2,2
19534,-2,1,3
19536,-1,-3,-2
19553,2,2,0
19565,3,-3,-6
19571,2,2,0
19597,0,0,0
19599,-3,-2,1
19627,-2,-5,-3
19642,1,2,1
19651,1,1,0
19665,-1,-2,-1
19683,2,2,0
19690,-2,0,2
19696,-1,-1,0
19699,-2,-2,0
19705,-2,1,3
19709,1,2,1
19710,1,1,0
19713,-3,-3,0
19714,3,4,1
19732,-2,-1,1
19775,3,3,0
19786,2,-3,-5
19794,4,3,-1
19796,0,-2,-2
19827,-1,-2,-1
19854,1,4,3
19859,0,0,0
19862,-1,2,3
19867,3,3,0
19878,3,3,0
19882,1,0,-1
19884,-1,-2,-1
19904,2,-1,-3
19917,-1,0,1
19934,-1,-2,-1
19938,-5,-5,0
19965,-2,1,3
19990,0,2,2
20019,-2,-1,1
20024,1,1,0
20033,3,2,-1
20035,-1,0,1
20038,-3,-2,1
20040,-1,0,1
20052,1,1,0
20054,1,2,1
20058,0,-2,-2
20059,0,2,2
20078,-1,-1,0
20087,-1,-1,0
20088,1,2,1
20104,-1,-3,-2
20117,-2,-2,0
20135,-3,2,5
20136,2,0,-2
20141,-2,-1,1
20152,0,0,0
20169,2,1,-1
20175,2,3,1
20189,3,2,-1
20199,2,-2,-4
20206,-3,-2,1
20217,-3,0,3
20227,-2,-1,1
20229,0,-2,-2
20239,0,0,0
20243,1,0,-1
20251,2,-2,-4
20269,-4,0,4
20274,1,1,0
20276,-5,1,6
20296,2,2,0
20308,-3,-2,1
20351,2,-5,-7
20356,-2,-2,0
20377,0,0,0
20382,0,0,0
20389,3,-3,-6
20399,-1,-1,0
20413,3,2,-1
20418,1,1,0
20420,1,2,1
20440,-2,-2,0
20448,-3,-4,-1
20492,2,1,-1
20501,-1,-2,-1
20509,-1,-2,-1
20510,3,1,-2
20519,2,-2,-4
20522,-1,-2,-1
20531,-2,0,2
20542,2,2,0
20547,3,2,-1
20571,2,2,0
20572,4,1,-3
20575,-2,-2,0
20578,-2,-4,-2
20581,1,0,-1
20592,1,-3,-4
20612,1,1,0
20623,0,-1,-1
20645,-1,1,2
20651,2,2,0
20654,-3,-5,-2
20666,4,4,0
20670,-1,-1,0
20682,-2,-2,0
20693,1,0,-1
20696,-1,-1,0
20706,1,1,0
20713,-1,-4,-3
20722,-1,0,1
20724,1,-1,-2
20729,1,2,1
20739,0,-1,-1
20744,-2,3,5
20757,1,1,0
20763,-2,0,2
20780,2,1,-1
20835,-1,1,2
20848,-2,-2,0
20866,2,2,0
20870,1,1,0
20873,1,2,1
20880,-1,0,1
20909,2,2,0
20924,-2,-2,0
20935,-1,1,2
20964,-2,-2,0
20968,-3,1,4
20991,2,1,-1
21000,1,0,-1
21013,0,-3,-3
21021,-3,-3,0
21022,2,3,1
21027,1,1,0
21038,0,0,0
21046,-1,-2,-1
21048,1,0,-1
21054,1,2,1
21074,0,3,3
21075,0,0,0
21078,-3,-2,1
21081,5,1,-4
21092,1,1,0
21108,1,0,-1
21120,0,0,0
21141,-2,-2,0
21150,1,0,-1
21151,-1,-2,-1
21167,-2,-2,0
21174,-2,-5,-3
21184,1,1,0
21191,-2,-2,0
21194,-2,2,4
21204,3,3,0
21205,-2,1,3
21214,-2,-2,0
21216,-2,0,2
21228,-1,-2,-1
21231,0,1,1
21243,-1,-2,-1
21245,-5,-5,0
21256,-1,-1,0
21270,-1,-2,-1
21272,-1,1,2
21279,-3,-2,1
21281,-3,-2,1
21283,2,1,-1
21285,-2,-2,0
21292,0,-2,-2
21298,1,-1,-2
21320,-2,-1,1
21322,2,-1,-3
21326,-2,-2,0
21332,-2,-1,1
21333,3,2,-1
21357,-2,-2,0
21361,0,-1,-1
21380,-2,0,2
21387,2,0,-2
21397,-4,-4,0
21433,3,0,-3
21443,0,-1,-1
21449,-1,-1,0
21456,-1,0,1
21467,0,3,3
21474,1,2,1
21484,4,2,-2
21493,1,2,1
21494,-1,-1,0
21503,1,0,-1
21506,1,1,0
21526,-2,-3,-1
21535,2,-1,-3
21542,1,0,-1
21555,-1,1,2
21559,-2,-3,-1
21563,4,2,-2
21568,-2,2,4
21571,-4,1,5
21581,1,-3,-4
21597,-2,-1,1
21613,-4,-2,2
21616,1,-3,-4
21621,-2,-1,1
21624,2,4,2
21626,2,2,0
21641,2,2,0
21685,1,0,-1
21687,2,2,0
21695,0,-2,-2
21697,-2,1,3
21702,1,0,-1
21709,-2,1,3
21713,3,2,-1
21723,1,-1,-2
21726,0,3,3
21727,0,-2,-2
21735,-3,-2,1
21746,-5,-5,0
21764,-3,-5,-2
21776,0,0,0
21779,2,-2,-4
21801,2,-2,-4
21804,2,2,0
21813,-1,-3,-2
21815,-2,0,2
21822,2,1,-1
21826,-2,-2,0
21834,-2,-1,1
21842,3,3,0
21843,-1,2,3
21852,-1,-1,0
21862,0,-1,-1
21872,2,2,0
21890,2,1,-1
21898,-2,-1,1
21906,-2,0,2
21913,0,3,3
21926,0,0,0
21949,2,2,0
21955,0,-2,-2
22000,-3,-2,1
22016,-5,-4,1
22029,-4,-5,-1
22030,-1,-1,0
22067,4,0,-4
22069,-1,0,1
22115,-2,2,4
22117,-1,2,3
22127,1,2,1
22131,2,0,-2
22133,-3,-4,-1
22137,0,0,0
22139,-1,-2,-1
22142,-2,-1,1
22193,0,-2,-2
22207,-1,-1,0
22222,-1,2,3
22227,-2,-1,1
22277,-2,-1,1
22286,0,0,0
22290,0,0,0
22293,-1,1,2
22301,0,2,2
22304,0,0,0
22308,0,0,0
22310,0,1,1
22337,-2,-2,0
22344,2,1,-1
22386,0,0,0
22392,-5,-4,1
22412,0,1,1
22439,0,2,2
22444,-2,1,3
22445,-3,-1,2
22460,-1,-1,0
22477,1,2,1
22486,0,0,0
22487,-2,0,2
22523,1,2,1
22536,-1,-2,-1
22552,-3,-3,0
22559,-1,2,3
22562,-1,0,1
22563,0,1,1
22567,0,1,1
22582,2,0,-2
22594,-5,-5,0
22595,2,-1,-3
22605,-3,-4,-1
22613,-1,0,1
22624,4,3,-1
22652,-2,0,2
22654,0,-2,-2
22655,2,2,0
22680,-2,0,2
22687,-3,1,4
22701,-1,2,3
22705,-3,-3,0
22726,3,2,-1
22730,-1,0,1
22736,0,0,0
22737,-1,0,1
22738,2,2,0
22788,0,-2,-2
22806,-3,0,3
22818,0,1,1
22858,-4,-2,2
22860,1,-3,-4
22865,2,2,0
22866,2,2,0
22883,3,3,0
22926,-1,-2,-1
22927,0,-2,-2
22940,3,-1,-4
22947,2,2,0
22969,-1,1,2
22972,1,2,1
22991,-2,-2,0
22999,-1,-1,0
23001,2,2,0
23002,2,2,0
23004,-2,-2,0
23006,-1,0,1
23039,2,1,-1
23040,1,-1,-2
23070,1,1,0
23071,-2,-2,0
23074,2,0,-2
23075,-1,-1,0
23078,-1,0,1
23099,0,-1,-1
23107,-3,-5,-2
23108,1,2,1
23111,0,0,0
23115,-2,-4,-2
23116,-3,-4,-1
23117,1,1,0
23120,-5,-3,2
23121,2,3,1
23122,0,-2,-2
23148,-1,-1,0
23152,0,0,0
23170,2,0,-2
23181,5,3,-2
23208,0,0,0
23216,2,1,-1
23233,-3,-3,0
23236,0,3,3
23244,0,-1,-1
23260,-1,-2,-1
23275,3,2,-1
23285,-1,-3,-2
23297,2,0,-2
23301,1,2,1
23306,2,1,-1
23311,-4,-4,0
23322,0,1,1
23330,-5,1,6
23332,0,3,3
23337,0,1,1
23338,-1,-1,0
23341,-4,-4,0
23342,-2,-3,-1
23355,-2,-2,0
23362,1,1,0
23384,1,1,0
23398,1,3,2
23413,1,2,1
23415,2,1,-1
23427,-3,-2,1
23446,-1,-1,0
23454,2,0,-2
23464,2,1,-1
23478,-1,2,3
23503,2,0,-2
23504,-4,-1,3
23512,0,0,0
23528,0,0,0
23565,2,2,0
23567,-4,-5,-1
23573,2,2,0
23585,-2,-1,1
23592,-2,-1,1
23597,-2,-2,0
23612,-1,-1,0
23614,-1,-1,0
23619,0,1,1
23665,-2,0,2
23678,-4,0,4
23682,-1,-1,0
23693,-1,-2,-1
23703,-2,-3,-1
23706,-3,0,3
23709,-2,-2,0
23718,-1,2,3
23724,0,0,0
23732,3,2,-1
23752,-2,-2,0
23767,-1,0,1
23768,0,0,0
23770,-2,-3,-1
23773,1,2,1
23786,1,-1,-2
23805,1,-2,-3
23818,-1,-2,-1
23834,-2,-1,1
23838,-2,-4,-2
23849,-3,-2,1
23855,-1,-1,0
23856,-2,2,4
23857,2,1,-1
23866,0,-1,-1
23872,0,0,0
23877,2,2,0
23890,3,5,2
23906,-2,-3,-1
23908,-1,-3,-2
23913,2,-1,-3
23923,-4,-2,2
23937,-1,-1,0
23945,-1,0,1
23953,0,-1,-1
23955,1,2,1
23957,0,2,2
23962,1,2,1
23969,1,1,0
23974,1,1,0
23976,4,3,-1
23977,-1,1,2
23995,2,5,3
24002,-1,-1,0
24009,2,1,-1
24010,-1,2,3
24011,1,-2,-3
24022,-2,-4,-2
24034,2,2,0
24036,-1,0,1
24045,2,-1,-3
24046,0,2,2
24057,1,1,0
24062,-1,-2,-1
24063,5,3,-2
24079,2,2,0
24095,-1,3,4
24100,2,1,-1
24101,-1,-1,0
24132,1,0,-1
24148,-2,0,2
24174,-3,-3,0
24207,1,2,1
24211,1,0,-1
24231,0,-2,-2
24277,-1,1,2
24284,1,2,1
24291,2,3,1
24293,1,1,0
24302,-2,1,3
24313,-3,-2,1
