id,other_social_response,fb_minutes,other_social_minutes,sum_social_minutes
22303,Between 1 and 2 hours,40,90,130
11355,More than 3 hours,25,180,205
1398,Between 31 minutes and 1 hour,50,45,95
21204,More than 3 hours,90,180,270
15251,Between 31 minutes and 1 hour,10,45,55
2536,Between 1 and 2 hours,120,90,210
14221,Between 1 and 30 minutes,120,15,135
2736,More than 3 hours,120,180,300
15642,Between 31 minutes and 1 hour,90,45,135
2885,More than 3 hours,120,180,300
17138,Between 31 minutes and 1 hour,120,45,165
19642,More than 3 hours,60,180,240
2094,Between 2 and 3 hours,40,150,190
14276,Between 2 and 3 hours,240,150,390
17783,Between 1 and 30 minutes,30,15,45
1862,More than 3 hours,300,180,480
2036,More than 3 hours,150,180,330
1405,Between 1 and 2 hours,60,90,150
10635,Between 2 and 3 hours,80,150,230
156,More than 3 hours,30,180,210
10434,Between 1 and 30 minutes,30,15,45
16694,Between 2 and 3 hours,100,150,250
797,Between 1 and 2 hours,90,90,180
1977,Between 2 and 3 hours,180,150,330
17873,Between 1 and 2 hours,30,90,120
11221,Between 2 and 3 hours,60,150,210
15089,Between 2 and 3 hours,45,150,195
22103,Between 1 and 2 hours,120,90,210
22865,More than 3 hours,30,180,210
21333,Between 31 minutes and 1 hour,20,45,65
11485,0 minutes,60,0,60
18162,Between 2 and 3 hours,120,150,270
1777,Between 1 and 2 hours,60,90,150
18911,Between 2 and 3 hours,120,150,270
234,More than 3 hours,45,180,225
9821,Between 31 minutes and 1 hour,20,45,65
18402,Between 2 and 3 hours,30,150,180
12244,Between 2 and 3 hours,60,150,210
10057,Between 1 and 2 hours,60,90,150
10512,Between 2 and 3 hours,90,150,240
1438,More than 3 hours,500,180,680
588,0 minutes,60,0,60
2132,More than 3 hours,90,180,270
699,Between 31 minutes and 1 hour,120,45,165
2585,Between 1 and 2 hours,120,90,210
20623,Between 1 and 2 hours,120,90,210
1871,Between 2 and 3 hours,40,150,190
12968,Between 31 minutes and 1 hour,30,45,75
14036,Between 1 and 2 hours,25,90,115
2740,Between 31 minutes and 1 hour,90,45,135
19269,Between 2 and 3 hours,30,150,180
15914,More than 3 hours,270,180,450
10799,Between 1 and 2 hours,30,90,120
20874,More than 3 hours,190,180,370
21136,0 minutes,120,0,120
12576,Between 2 and 3 hours,20,150,170
2165,More than 3 hours,60,180,240
2947,More than 3 hours,65,180,245
24253,Between 31 minutes and 1 hour,150,45,195
41,Between 2 and 3 hours,30,150,180
1299,Between 1 and 30 minutes,22,15,37
417,Between 2 and 3 hours,150,150,300
2826,Between 2 and 3 hours,300,150,450
233,More than 3 hours,45,180,225
2516,Between 31 minutes and 1 hour,60,45,105
24291,0 minutes,90,0,90
14738,Between 31 minutes and 1 hour,120,45,165
15220,Between 2 and 3 hours,120,150,270
20836,Between 2 and 3 hours,60,150,210
16527,Between 1 and 30 minutes,60,15,75
863,Between 31 minutes and 1 hour,60,45,105
20824,More than 3 hours,120,180,300
2545,More than 3 hours,70,180,250
1142,More than 3 hours,10,180,190
2448,Between 1 and 2 hours,45,90,135
17496,Between 1 and 2 hours,72,90,162
19979,More than 3 hours,60,180,240
527,Between 1 and 2 hours,90,90,180
18435,More than 3 hours,30,180,210
1122,Between 1 and 30 minutes,90,15,105
22137,Between 1 and 30 minutes,30,15,45
2531,More than 3 hours,90,180,270
15757,Between 1 and 30 minutes,180,15,195
23957,Between 1 and 2 hours,60,90,150
2760,More than 3 hours,90,180,270
1188,Between 1 and 2 hours,69,90,159
2880,Between 2 and 3 hours,100,150,250
22526,Between 2 and 3 hours,300,150,450
13444,Between 31 minutes and 1 hour,30,45,75
1519,Between 31 minutes and 1 hour,60,45,105
16741,Between 1 and 30 minutes,45,15,60
878,Between 1 and 30 minutes,30,15,45
18407,More than 3 hours,45,180,225
10246,More than 3 hours,90,180,270
2663,More than 3 hours,25,180,205
10982,Between 2 and 3 hours,60,150,210
17169,Between 1 and 2 hours,600,90,690
15261,More than 3 hours,45,180,225
2844,More than 3 hours,240,180,420
2672,Between 2 and 3 hours,60,150,210
16756,More than 3 hours,65,180,245
2771,Between 1 and 2 hours,60,90,150
460,0 minutes,45,0,45
1638,Between 2 and 3 hours,30,150,180
1033,More than 3 hours,400,180,580
19464,0 minutes,150,0,150
2944,More than 3 hours,60,180,240
2445,More than 3 hours,120,180,300
10726,More than 3 hours,40,180,220
1465,Between 1 and 30 minutes,30,15,45
24009,Between 31 minutes and 1 hour,30,45,75
559,Between 2 and 3 hours,500,150,650
17351,Between 2 and 3 hours,960,150,1110
17860,More than 3 hours,30,180,210
242,More than 3 hours,300,180,480
2665,Between 1 and 2 hours,120,90,210
22613,More than 3 hours,60,180,240
16037,Between 31 minutes and 1 hour,160,45,205
16439,Between 1 and 2 hours,45,90,135
2148,Between 31 minutes and 1 hour,35,45,80
1275,More than 3 hours,120,180,300
12219,Between 1 and 30 minutes,60,15,75
20431,0 minutes,1440,0,1440
16603,More than 3 hours,75,180,255
12174,More than 3 hours,100,180,280
22029,Between 1 and 2 hours,30,90,120
1058,Between 31 minutes and 1 hour,120,45,165
1768,Between 2 and 3 hours,240,150,390
15545,Between 1 and 2 hours,60,90,150
13276,More than 3 hours,45,180,225
1311,More than 3 hours,120,180,300
23040,Between 31 minutes and 1 hour,180,45,225
1741,More than 3 hours,120,180,300
18243,Between 2 and 3 hours,120,150,270
2286,Between 1 and 2 hours,120,90,210
14743,More than 3 hours,30,180,210
19944,Between 2 and 3 hours,120,150,270
876,Between 31 minutes and 1 hour,120,45,165
2899,Between 31 minutes and 1 hour,240,45,285
2992,Between 1 and 30 minutes,60,15,75
20366,Between 2 and 3 hours,60,150,210
450,More than 3 hours,60,180,240
22883,More than 3 hours,80,180,260
13820,Between 1 and 2 hours,150,90,240
17582,Between 1 and 2 hours,120,90,210
21531,0 minutes,180,0,180
2888,Between 1 and 2 hours,90,90,180
13514,More than 3 hours,60,180,240
16002,More than 3 hours,90,180,270
18010,More than 3 hours,240,180,420
12823,Between 2 and 3 hours,180,150,330
24277,Between 1 and 2 hours,90,90,180
21795,Between 1 and 30 minutes,60,15,75
1394,Between 31 minutes and 1 hour,120,45,165
1286,More than 3 hours,60,180,240
14774,More than 3 hours,30,180,210
2660,Between 31 minutes and 1 hour,60,45,105
944,Between 1 and 2 hours,180,90,270
1820,More than 3 hours,120,180,300
19462,More than 3 hours,45,180,225
976,0 minutes,50,0,50
1632,Between 1 and 30 minutes,140,15,155
2997,Between 2 and 3 hours,60,150,210
18738,Between 1 and 30 minutes,120,15,135
21944,More than 3 hours,120,180,300
3074,Between 1 and 2 hours,150,90,240
19794,Between 2 and 3 hours,120,150,270
17855,Between 31 minutes and 1 hour,30,45,75
18649,Between 31 minutes and 1 hour,45,45,90
2718,Between 2 and 3 hours,120,150,270
2952,Between 2 and 3 hours,60,150,210
106,More than 3 hours,30,180,210
18262,Between 1 and 30 minutes,20,15,35
196,More than 3 hours,600,180,780
9609,Between 1 and 2 hours,100,90,190
1982,Between 1 and 30 minutes,30,15,45
15287,Between 1 and 2 hours,30,90,120
12429,Between 1 and 2 hours,180,90,270
468,0 minutes,120,0,120
2232,Between 2 and 3 hours,75,150,225
20229,More than 3 hours,45,180,225
14532,Between 1 and 2 hours,200,90,290
19713,Between 2 and 3 hours,45,150,195
19820,Between 2 and 3 hours,60,150,210
10229,Between 1 and 2 hours,90,90,180
979,Between 1 and 2 hours,65,90,155
9965,Between 2 and 3 hours,200,150,350
2104,Between 2 and 3 hours,5,150,155
2467,Between 1 and 2 hours,60,90,150
13112,More than 3 hours,20,180,200
14974,Between 31 minutes and 1 hour,100,45,145
1763,Between 1 and 2 hours,30,90,120
3081,More than 3 hours,130,180,310
1856,More than 3 hours,45,180,225
18423,Between 2 and 3 hours,60,150,210
20564,Between 2 and 3 hours,120,150,270
17949,More than 3 hours,150,180,330
22552,Between 1 and 2 hours,30,90,120
2490,More than 3 hours,60,180,240
15307,Between 1 and 2 hours,60,90,150
12375,Between 2 and 3 hours,120,150,270
23004,Between 1 and 2 hours,90,90,180
1598,More than 3 hours,20,180,200
16105,Between 1 and 2 hours,60,90,150
17284,More than 3 hours,300,180,480
2546,Between 1 and 2 hours,120,90,210
22445,Between 2 and 3 hours,60,150,210
13451,Between 31 minutes and 1 hour,35,45,80
1274,More than 3 hours,90,180,270
1531,More than 3 hours,400,180,580
10853,Between 1 and 2 hours,45,90,135
10871,Between 1 and 2 hours,300,90,390
2188,More than 3 hours,120,180,300
9989,Between 2 and 3 hours,180,150,330
21474,Between 1 and 2 hours,60,90,150
24124,Between 1 and 2 hours,10,90,100
21678,More than 3 hours,60,180,240
24072,Between 2 and 3 hours,25,150,175
1013,Between 1 and 2 hours,45,90,135
19784,Between 1 and 2 hours,45,90,135
10169,More than 3 hours,60,180,240
2168,More than 3 hours,90,180,270
2791,0 minutes,30,0,30
824,More than 3 hours,10,180,190
16157,Between 1 and 2 hours,30,90,120
17255,More than 3 hours,30,180,210
21491,More than 3 hours,90,180,270
384,More than 3 hours,60,180,240
17007,More than 3 hours,45,180,225
2421,Between 1 and 2 hours,70,90,160
2996,Between 31 minutes and 1 hour,180,45,225
23301,Between 1 and 30 minutes,40,15,55
24,More than 3 hours,90,180,270
13360,Between 1 and 30 minutes,3,15,18
615,Between 2 and 3 hours,120,150,270
13347,More than 3 hours,20,180,200
1866,Between 31 minutes and 1 hour,200,45,245
19110,Between 31 minutes and 1 hour,30,45,75
13538,Between 31 minutes and 1 hour,60,45,105
2843,More than 3 hours,30,180,210
15784,Between 2 and 3 hours,60,150,210
21687,More than 3 hours,180,180,360
20049,More than 3 hours,240,180,420
2440,Between 2 and 3 hours,60,150,210
22056,Between 2 and 3 hours,120,150,270
13838,Between 31 minutes and 1 hour,450,45,495
16021,More than 3 hours,120,180,300
20211,Between 1 and 30 minutes,60,15,75
1430,More than 3 hours,60,180,240
14452,More than 3 hours,30,180,210
1510,More than 3 hours,480,180,660
1822,Between 1 and 2 hours,240,90,330
2323,Between 1 and 2 hours,120,90,210
1508,Between 1 and 2 hours,45,90,135
378,More than 3 hours,300,180,480
2931,Between 1 and 30 minutes,240,15,255
3039,Between 1 and 2 hours,90,90,180
1245,Between 1 and 2 hours,60,90,150
12029,Between 31 minutes and 1 hour,60,45,105
20269,Between 2 and 3 hours,70,150,220
2597,More than 3 hours,100,180,280
2505,Between 2 and 3 hours,360,150,510
24188,Between 1 and 2 hours,600,90,690
14450,Between 1 and 2 hours,60,90,150
20518,Between 1 and 2 hours,600,90,690
1963,Between 1 and 30 minutes,30,15,45
17511,Between 1 and 2 hours,200,90,290
10940,Between 31 minutes and 1 hour,120,45,165
1022,Between 1 and 30 minutes,60,15,75
17326,Between 1 and 2 hours,45,90,135
14039,More than 3 hours,100,180,280
11923,More than 3 hours,25,180,205
2890,Between 2 and 3 hours,60,150,210
18459,Between 2 and 3 hours,200,150,350
2424,Between 2 and 3 hours,300,150,450
10926,Between 2 and 3 hours,900,150,1050
1104,Between 1 and 2 hours,120,90,210
599,Between 1 and 2 hours,60,90,150
2679,Between 1 and 2 hours,55,90,145
15087,Between 31 minutes and 1 hour,30,45,75
16526,More than 3 hours,75,180,255
18782,More than 3 hours,240,180,420
10697,Between 2 and 3 hours,120,150,270
1892,Between 1 and 30 minutes,60,15,75
1930,More than 3 hours,40,180,220
2370,More than 3 hours,45,180,225
2035,Between 2 and 3 hours,120,150,270
340,Between 1 and 2 hours,90,90,180
17723,Between 31 minutes and 1 hour,60,45,105
2816,Between 1 and 2 hours,30,90,120
1169,Between 1 and 2 hours,30,90,120
167,0 minutes,240,0,240
1794,0 minutes,60,0,60
23565,Between 1 and 2 hours,30,90,120
11817,Between 31 minutes and 1 hour,200,45,245
16615,More than 3 hours,75,180,255
11302,Between 1 and 30 minutes,60,15,75
20164,Between 1 and 2 hours,50,90,140
20175,Between 2 and 3 hours,50,150,200
23464,More than 3 hours,60,180,240
1139,More than 3 hours,20,180,200
12367,Between 1 and 2 hours,45,90,135
12573,More than 3 hours,60,180,240
3055,More than 3 hours,70,180,250
19932,Between 2 and 3 hours,150,150,300
1581,More than 3 hours,120,180,300
14782,Between 2 and 3 hours,222,150,372
11724,Between 31 minutes and 1 hour,100,45,145
15761,Between 2 and 3 hours,120,150,270
23993,Between 1 and 2 hours,60,90,150
19027,Between 31 minutes and 1 hour,45,45,90
9910,Between 2 and 3 hours,120,150,270
815,More than 3 hours,120,180,300
18559,More than 3 hours,60,180,240
600,Between 1 and 2 hours,60,90,150
19351,More than 3 hours,180,180,360
20351,Between 31 minutes and 1 hour,45,45,90
2381,More than 3 hours,60,180,240
1919,More than 3 hours,875,180,1055
1484,More than 3 hours,300,180,480
15047,0 minutes,60,0,60
2288,Between 1 and 30 minutes,10,15,25
947,More than 3 hours,120,180,300
19304,0 minutes,120,0,120
2312,Between 1 and 2 hours,60,90,150
21393,Between 1 and 2 hours,60,90,150
13162,More than 3 hours,720,180,900
609,Between 31 minutes and 1 hour,120,45,165
14613,Between 2 and 3 hours,320,150,470
1342,More than 3 hours,120,180,300
2242,Between 1 and 30 minutes,70,15,85
415,Between 31 minutes and 1 hour,120,45,165
10742,More than 3 hours,120,180,300
24207,Between 2 and 3 hours,60,150,210
17153,Between 31 minutes and 1 hour,90,45,135
1482,Between 2 and 3 hours,60,150,210
959,More than 3 hours,90,180,270
15664,Between 31 minutes and 1 hour,20,45,65
2141,More than 3 hours,45,180,225
2936,More than 3 hours,300,180,480
1637,Between 1 and 2 hours,120,90,210
2447,0 minutes,40,0,40
11474,Between 2 and 3 hours,90,150,240
16596,Between 1 and 2 hours,180,90,270
2146,More than 3 hours,180,180,360
15131,More than 3 hours,120,180,300
19813,More than 3 hours,60,180,240
17747,Between 1 and 30 minutes,60,15,75
9791,More than 3 hours,45,180,225
689,More than 3 hours,35,180,215
19536,Between 1 and 2 hours,70,90,160
608,Between 2 and 3 hours,120,150,270
518,Between 1 and 2 hours,60,90,150
13147,Between 1 and 2 hours,150,90,240
13383,More than 3 hours,30,180,210
19862,Between 1 and 2 hours,120,90,210
2675,More than 3 hours,30,180,210
17701,Between 2 and 3 hours,20,150,170
633,Between 31 minutes and 1 hour,120,45,165
20991,More than 3 hours,60,180,240
17158,Between 1 and 2 hours,30,90,120
253,Between 1 and 2 hours,20,90,110
264,Between 2 and 3 hours,100,150,250
1975,Between 2 and 3 hours,60,150,210
22563,More than 3 hours,45,180,225
1199,Between 2 and 3 hours,75,150,225
12755,Between 1 and 2 hours,600,90,690
72,Between 1 and 30 minutes,120,15,135
1686,Between 1 and 2 hours,120,90,210
436,More than 3 hours,60,180,240
1935,Between 31 minutes and 1 hour,35,45,80
13934,0 minutes,90,0,90
15575,More than 3 hours,240,180,420
2055,Between 1 and 30 minutes,180,15,195
1554,0 minutes,45,0,45
19446,Between 1 and 2 hours,45,90,135
16695,More than 3 hours,200,180,380
461,Between 2 and 3 hours,150,150,300
23117,Between 2 and 3 hours,180,150,330
889,More than 3 hours,240,180,420
404,Between 31 minutes and 1 hour,70,45,115
10315,More than 3 hours,120,180,300
2784,More than 3 hours,120,180,300
23341,More than 3 hours,60,180,240
2648,More than 3 hours,60,180,240
2334,Between 2 and 3 hours,180,150,330
21243,Between 2 and 3 hours,320,150,470
3094,More than 3 hours,45,180,225
16471,More than 3 hours,75,180,255
20902,0 minutes,60,0,60
21292,Between 1 and 2 hours,240,90,330
14165,Between 1 and 2 hours,180,90,270
16302,Between 1 and 30 minutes,120,15,135
24123,More than 3 hours,1440,180,1620
22567,Between 1 and 2 hours,90,90,180
336,0 minutes,45,0,45
421,More than 3 hours,120,180,300
12636,Between 31 minutes and 1 hour,120,45,165
558,Between 31 minutes and 1 hour,160,45,205
24302,Between 1 and 30 minutes,40,15,55
10889,More than 3 hours,60,180,240
16826,More than 3 hours,180,180,360
17919,More than 3 hours,25,180,205
20425,Between 31 minutes and 1 hour,100,45,145
17318,Between 31 minutes and 1 hour,80,45,125
48,Between 1 and 2 hours,45,90,135
247,More than 3 hours,60,180,240
15314,More than 3 hours,8,180,188
23415,More than 3 hours,60,180,240
312,Between 2 and 3 hours,75,150,225
3021,Between 31 minutes and 1 hour,15,45,60
1481,Between 1 and 2 hours,60,90,150
832,Between 1 and 2 hours,200,90,290
19571,0 minutes,20,0,20
16531,More than 3 hours,75,180,255
23355,Between 1 and 30 minutes,180,15,195
152,Between 2 and 3 hours,35,150,185
18025,Between 2 and 3 hours,45,150,195
11436,0 minutes,200,0,200
19068,Between 2 and 3 hours,180,150,330
23945,More than 3 hours,40,180,220
277,Between 31 minutes and 1 hour,30,45,75
495,More than 3 hours,120,180,300
2980,Between 2 and 3 hours,30,150,180
17421,Between 1 and 2 hours,120,90,210
1683,Between 1 and 30 minutes,60,15,75
12359,More than 3 hours,60,180,240
10851,Between 31 minutes and 1 hour,20,45,65
12173,Between 2 and 3 hours,60,150,210
21616,Between 1 and 30 minutes,120,15,135
13586,Between 31 minutes and 1 hour,120,45,165
1507,More than 3 hours,200,180,380
731,More than 3 hours,180,180,360
12152,Between 2 and 3 hours,45,150,195
22620,More than 3 hours,45,180,225
1343,Between 1 and 30 minutes,60,15,75
21191,0 minutes,120,0,120
1858,More than 3 hours,45,180,225
2830,Between 2 and 3 hours,15,150,165
16297,More than 3 hours,120,180,300
21073,Between 2 and 3 hours,60,150,210
735,More than 3 hours,240,180,420
23202,Between 31 minutes and 1 hour,90,45,135
12326,Between 31 minutes and 1 hour,120,45,165
171,More than 3 hours,20,180,200
14170,More than 3 hours,30,180,210
23906,Between 1 and 2 hours,60,90,150
20830,Between 1 and 2 hours,240,90,330
16780,More than 3 hours,300,180,480
1324,Between 1 and 2 hours,100,90,190
21228,Between 2 and 3 hours,45,150,195
446,More than 3 hours,5,180,185
14021,More than 3 hours,120,180,300
2378,Between 1 and 2 hours,60,90,150
15845,Between 1 and 2 hours,120,90,210
20305,More than 3 hours,120,180,300
2763,Between 2 and 3 hours,240,150,390
22099,Between 1 and 2 hours,90,90,180
18549,More than 3 hours,90,180,270
16923,Between 31 minutes and 1 hour,60,45,105
23926,Between 2 and 3 hours,45,150,195
16843,Between 2 and 3 hours,60,150,210
12761,More than 3 hours,30,180,210
2768,Between 1 and 30 minutes,120,15,135
1850,More than 3 hours,45,180,225
21834,More than 3 hours,360,180,540
1266,Between 1 and 30 minutes,300,15,315
12585,More than 3 hours,90,180,270
22825,More than 3 hours,60,180,240
1020,Between 1 and 2 hours,30,90,120
593,Between 1 and 2 hours,60,90,150
1321,Between 31 minutes and 1 hour,60,45,105
22477,Between 2 and 3 hours,120,150,270
517,Between 1 and 2 hours,60,90,150
14159,0 minutes,120,0,120
19696,More than 3 hours,20,180,200
937,More than 3 hours,80,180,260
21859,Between 31 minutes and 1 hour,90,45,135
2797,More than 3 hours,75,180,255
1130,Between 1 and 2 hours,90,90,180
12398,Between 1 and 2 hours,60,90,150
16227,Between 1 and 2 hours,60,90,150
24132,More than 3 hours,120,180,300
18592,Between 1 and 2 hours,90,90,180
12242,Between 31 minutes and 1 hour,400,45,445
16922,More than 3 hours,75,180,255
739,0 minutes,60,0,60
18193,Between 1 and 2 hours,60,90,150
99,Between 1 and 2 hours,30,90,120
2820,Between 1 and 2 hours,270,90,360
10359,Between 1 and 2 hours,50,90,140
1823,Between 2 and 3 hours,90,150,240
12296,More than 3 hours,60,180,240
3080,Between 2 and 3 hours,80,150,230
598,Between 1 and 2 hours,30,90,120
17260,Between 31 minutes and 1 hour,120,45,165
12942,More than 3 hours,30,180,210
18522,Between 2 and 3 hours,120,150,270
18957,Between 2 and 3 hours,120,150,270
2087,Between 1 and 2 hours,35,90,125
134,More than 3 hours,48000,180,48180
19168,More than 3 hours,60,180,240
13289,More than 3 hours,45,180,225
19988,More than 3 hours,90,180,270
3117,More than 3 hours,180,180,360
19854,Between 1 and 2 hours,180,90,270
20763,Between 31 minutes and 1 hour,120,45,165
22730,Between 2 and 3 hours,80,150,230
22456,Between 2 and 3 hours,70,150,220
23246,More than 3 hours,240,180,420
2995,0 minutes,240,0,240
17448,Between 1 and 30 minutes,120,15,135
2559,Between 2 and 3 hours,60,150,210
18378,Between 31 minutes and 1 hour,180,45,225
13555,Between 2 and 3 hours,120,150,270
3003,More than 3 hours,90,180,270
23573,Between 1 and 2 hours,30,90,120
437,Between 1 and 30 minutes,30,15,45
23711,0 minutes,200,0,200
10218,More than 3 hours,120,180,300
654,Between 1 and 2 hours,120,90,210
653,Between 2 and 3 hours,60,150,210
16301,More than 3 hours,120,180,300
1719,More than 3 hours,75,180,255
2898,More than 3 hours,90,180,270
10559,Between 2 and 3 hours,120,150,270
23469,Between 31 minutes and 1 hour,120,45,165
16901,Between 1 and 2 hours,90,90,180
9983,Between 2 and 3 hours,75,150,225
694,More than 3 hours,120,180,300
23682,More than 3 hours,150,180,330
12071,Between 31 minutes and 1 hour,300,45,345
1313,Between 1 and 2 hours,120,90,210
14850,Between 2 and 3 hours,120,150,270
9715,More than 3 hours,20,180,200
22117,Between 1 and 2 hours,90,90,180
2365,More than 3 hours,120,180,300
17791,More than 3 hours,40,180,220
13575,Between 2 and 3 hours,60,150,210
10866,Between 1 and 2 hours,60,90,150
1409,Between 1 and 2 hours,30,90,120
12484,Between 2 and 3 hours,60,150,210
12122,Between 2 and 3 hours,60,150,210
2173,More than 3 hours,150,180,330
10632,Between 1 and 30 minutes,90,15,105
2804,Between 1 and 30 minutes,45,15,60
22830,Between 1 and 30 minutes,60,15,75
1628,More than 3 hours,45,180,225
15189,Between 2 and 3 hours,120,150,270
2807,Between 1 and 30 minutes,125,15,140
473,Between 1 and 2 hours,120,90,210
960,More than 3 hours,260,180,440
281,Between 2 and 3 hours,15,150,165
1375,More than 3 hours,30,180,210
926,Between 1 and 30 minutes,20,15,35
1771,Between 1 and 2 hours,60,90,150
228,More than 3 hours,100,180,280
2388,More than 3 hours,65,180,245
22227,Between 31 minutes and 1 hour,60,45,105
10139,More than 3 hours,20,180,200
16678,Between 1 and 2 hours,60,90,150
19505,Between 1 and 2 hours,70,90,160
14344,Between 1 and 30 minutes,30,15,45
2606,Between 1 and 30 minutes,90,15,105
21,More than 3 hours,120,180,300
15855,Between 31 minutes and 1 hour,60,45,105
66,Between 2 and 3 hours,60,150,210
15804,More than 3 hours,250,180,430
1740,More than 3 hours,500,180,680
14487,Between 31 minutes and 1 hour,240,45,285
726,More than 3 hours,30,180,210
574,More than 3 hours,120,180,300
670,Between 1 and 2 hours,60,90,150
73,Between 2 and 3 hours,90,150,240
2598,More than 3 hours,60,180,240
23805,Between 31 minutes and 1 hour,30,45,75
16988,More than 3 hours,120,180,300
2030,Between 1 and 2 hours,120,90,210
22337,Between 31 minutes and 1 hour,60,45,105
802,More than 3 hours,60,180,240
16086,More than 3 hours,200,180,380
996,Between 1 and 2 hours,60,90,150
19060,0 minutes,30,0,30
19085,Between 31 minutes and 1 hour,360,45,405
24029,Between 2 and 3 hours,129,150,279
2443,Between 1 and 2 hours,120,90,210
9651,Between 1 and 2 hours,70,90,160
201,Between 2 and 3 hours,120,150,270
23913,More than 3 hours,60,180,240
17279,Between 2 and 3 hours,120,150,270
898,Between 31 minutes and 1 hour,30,45,75
246,More than 3 hours,240,180,420
349,Between 2 and 3 hours,180,150,330
1992,More than 3 hours,120,180,300
10749,Between 1 and 2 hours,30,90,120
2458,More than 3 hours,60,180,240
22021,More than 3 hours,180,180,360
11408,More than 3 hours,1000,180,1180
10573,Between 1 and 2 hours,30,90,120
1602,Between 1 and 2 hours,90,90,180
536,More than 3 hours,45,180,225
14599,More than 3 hours,300,180,480
1386,More than 3 hours,60,180,240
2187,More than 3 hours,45,180,225
2054,More than 3 hours,60,180,240
10662,More than 3 hours,120,180,300
19429,Between 1 and 2 hours,120,90,210
331,Between 2 and 3 hours,60,150,210
15423,More than 3 hours,120,180,300
18961,Between 2 and 3 hours,65,150,215
22513,Between 1 and 2 hours,100,90,190
1240,Between 2 and 3 hours,30,150,180
22071,More than 3 hours,200,180,380
116,Between 31 minutes and 1 hour,45,45,90
15734,Between 2 and 3 hours,30,150,180
122,Between 1 and 30 minutes,60,15,75
15174,Between 2 and 3 hours,120,150,270
18556,Between 1 and 2 hours,50,90,140
17806,Between 1 and 30 minutes,120,15,135
877,Between 1 and 2 hours,120,90,210
2161,Between 2 and 3 hours,90,150,240
2595,Between 1 and 2 hours,180,90,270
20386,0 minutes,260,0,260
20818,More than 3 hours,200,180,380
12331,More than 3 hours,60,180,240
13984,More than 3 hours,70,180,250
117,More than 3 hours,120,180,300
15577,Between 2 and 3 hours,120,150,270
21332,Between 1 and 2 hours,60,90,150
15678,Between 1 and 30 minutes,120,15,135
11272,Between 1 and 2 hours,120,90,210
18202,Between 2 and 3 hours,60,150,210
17665,Between 1 and 2 hours,60,90,150
14357,More than 3 hours,60,180,240
15978,Between 1 and 2 hours,60,90,150
10669,More than 3 hours,120,180,300
1773,Between 1 and 2 hours,120,90,210
930,Between 2 and 3 hours,180,150,330
1909,Between 1 and 2 hours,35,90,125
13485,More than 3 hours,240,180,420
13976,More than 3 hours,120,180,300
18305,Between 1 and 30 minutes,300,15,315
21779,More than 3 hours,180,180,360
2654,Between 2 and 3 hours,120,150,270
18580,More than 3 hours,60,180,240
1828,Between 2 and 3 hours,300,150,450
2627,Between 2 and 3 hours,240,150,390
1703,More than 3 hours,120,180,300
17057,Between 31 minutes and 1 hour,75,45,120
21184,Between 31 minutes and 1 hour,100,45,145
1762,Between 1 and 2 hours,20,90,110
20135,0 minutes,150,0,150
18893,Between 31 minutes and 1 hour,180,45,225
570,More than 3 hours,60,180,240
9919,More than 3 hours,30,180,210
20501,Between 1 and 30 minutes,60,15,75
10883,Between 1 and 2 hours,10,90,100
1515,Between 31 minutes and 1 hour,90,45,135
17645,Between 1 and 30 minutes,60,15,75
16360,Between 1 and 30 minutes,30,15,45
18610,More than 3 hours,60,180,240
21702,Between 1 and 2 hours,90,90,180
13056,More than 3 hours,45,180,225
157,More than 3 hours,30,180,210
2268,0 minutes,400,0,400
92,0 minutes,240,0,240
3063,0 minutes,240,0,240
916,More than 3 hours,20,180,200
11590,Between 1 and 2 hours,30,90,120
10494,More than 3 hours,90,180,270
1338,Between 2 and 3 hours,120,150,270
1145,Between 1 and 2 hours,30,90,120
968,Between 31 minutes and 1 hour,240,45,285
2891,Between 1 and 2 hours,20,90,110
20575,More than 3 hours,80,180,260
14645,Between 1 and 2 hours,150,90,240
2273,0 minutes,180,0,180
13406,More than 3 hours,240,180,420
18176,Between 1 and 30 minutes,90,15,105
715,Between 1 and 2 hours,30,90,120
20399,Between 31 minutes and 1 hour,20,45,65
696,Between 1 and 2 hours,40,90,130
3078,Between 1 and 2 hours,90,90,180
1847,Between 31 minutes and 1 hour,60,45,105
33,More than 3 hours,240,180,420
2588,Between 31 minutes and 1 hour,45,45,90
10534,Between 1 and 2 hours,100,90,190
15097,Between 31 minutes and 1 hour,30,45,75
15346,Between 2 and 3 hours,80,150,230
13241,More than 3 hours,120,180,300
2533,More than 3 hours,60,180,240
20682,Between 1 and 2 hours,180,90,270
21872,Between 1 and 2 hours,25,90,115
1077,Between 2 and 3 hours,60,150,210
19990,Between 1 and 2 hours,60,90,150
847,Between 1 and 2 hours,90,90,180
15016,Between 1 and 2 hours,35,90,125
17136,More than 3 hours,100,180,280
15005,Between 2 and 3 hours,60,150,210
828,Between 31 minutes and 1 hour,45,45,90
954,0 minutes,360,0,360
2727,0 minutes,60,0,60
19599,More than 3 hours,150,180,330
2865,More than 3 hours,200,180,380
23148,Between 1 and 2 hours,70,90,160
1174,Between 31 minutes and 1 hour,100,45,145
9588,Between 1 and 30 minutes,120,15,135
19796,Between 31 minutes and 1 hour,30,45,75
21682,Between 1 and 2 hours,60,90,150
60,Between 1 and 2 hours,60,90,150
15264,More than 3 hours,180,180,360
3112,0 minutes,15,0,15
13314,Between 1 and 30 minutes,60,15,75
17780,Between 1 and 2 hours,30,90,120
16558,Between 2 and 3 hours,45,150,195
15377,More than 3 hours,20,180,200
11388,Between 31 minutes and 1 hour,75,45,120
17316,0 minutes,120,0,120
15441,More than 3 hours,60,180,240
787,Between 1 and 2 hours,30,90,120
68,Between 31 minutes and 1 hour,90,45,135
224,Between 1 and 2 hours,90,90,180
24208,Between 2 and 3 hours,30,150,180
1772,More than 3 hours,210,180,390
11753,More than 3 hours,45,180,225
17436,More than 3 hours,120,180,300
2769,More than 3 hours,60,180,240
502,Between 1 and 30 minutes,60,15,75
2818,Between 1 and 2 hours,120,90,210
21955,Between 31 minutes and 1 hour,45,45,90
45,Between 2 and 3 hours,75,150,225
2872,More than 3 hours,90,180,270
17008,Between 2 and 3 hours,800,150,950
20296,More than 3 hours,90,180,270
1577,More than 3 hours,180,180,360
1501,Between 2 and 3 hours,120,150,270
24174,Between 2 and 3 hours,60,150,210
22536,Between 2 and 3 hours,90,150,240
16054,Between 2 and 3 hours,30,150,180
19316,Between 1 and 2 hours,30,90,120
23691,Between 2 and 3 hours,60,150,210
1689,More than 3 hours,30,180,210
278,Between 2 and 3 hours,90,150,240
2330,Between 2 and 3 hours,45,150,195
687,Between 2 and 3 hours,60,150,210
17626,Between 1 and 30 minutes,360,15,375
23713,More than 3 hours,120,180,300
2877,Between 1 and 30 minutes,90,15,105
576,More than 3 hours,45,180,225
1472,More than 3 hours,60,180,240
2620,More than 3 hours,300,180,480
11710,0 minutes,30,0,30
12064,Between 1 and 2 hours,20,90,110
12180,Between 2 and 3 hours,120,150,270
248,More than 3 hours,60,180,240
2703,Between 1 and 2 hours,90,90,180
15519,Between 2 and 3 hours,140,150,290
20581,Between 1 and 30 minutes,28,15,43
19569,Between 31 minutes and 1 hour,240,45,285
130,Between 2 and 3 hours,180,150,330
18574,Between 1 and 2 hours,240,90,330
17103,Between 1 and 2 hours,20,90,110
14308,Between 1 and 30 minutes,120,15,135
16959,More than 3 hours,60,180,240
19104,Between 1 and 30 minutes,90,15,105
22453,Between 1 and 30 minutes,20,15,35
399,Between 31 minutes and 1 hour,125,45,170
17365,More than 3 hours,40,180,220
2011,Between 1 and 30 minutes,30,15,45
903,Between 1 and 2 hours,45,90,135
19339,More than 3 hours,120,180,300
1078,Between 2 and 3 hours,300,150,450
1202,Between 1 and 2 hours,60,90,150
769,More than 3 hours,180,180,360
13290,More than 3 hours,30,180,210
11907,Between 2 and 3 hours,90,150,240
17682,Between 1 and 2 hours,90,90,180
3005,Between 1 and 2 hours,120,90,210
1901,More than 3 hours,120,180,300
21322,Between 1 and 2 hours,250,90,340
357,Between 1 and 30 minutes,120,15,135
22720,More than 3 hours,60,180,240
14965,Between 2 and 3 hours,200,150,350
12804,0 minutes,20,0,20
14353,0 minutes,360,0,360
31,More than 3 hours,180,180,360
2722,More than 3 hours,90,180,270
11329,More than 3 hours,35,180,215
22605,Between 1 and 30 minutes,80,15,95
21764,Between 2 and 3 hours,120,150,270
18746,Between 1 and 2 hours,75,90,165
1457,Between 1 and 2 hours,60,90,150
1793,Between 31 minutes and 1 hour,30,45,75
1904,More than 3 hours,80,180,260
1160,More than 3 hours,300,180,480
20548,Between 2 and 3 hours,540,150,690
222,More than 3 hours,60,180,240
9652,More than 3 hours,70,180,250
19851,Between 1 and 30 minutes,120,15,135
59,0 minutes,0,0,0
13654,Between 31 minutes and 1 hour,120,45,165
12182,Between 1 and 2 hours,120,90,210
1011,Between 1 and 2 hours,60,90,150
2362,More than 3 hours,20,180,200
12041,Between 31 minutes and 1 hour,150,45,195
2852,More than 3 hours,480,180,660
2878,Between 2 and 3 hours,200,150,350
21076,Between 1 and 2 hours,60,90,150
16800,Between 2 and 3 hours,400,150,550
21621,Between 1 and 30 minutes,30,15,45
2738,More than 3 hours,45,180,225
2477,0 minutes,120,0,120
17903,Between 1 and 2 hours,180,90,270
17309,Between 2 and 3 hours,120,150,270
10600,Between 1 and 2 hours,20,90,110
1761,Between 1 and 30 minutes,240,15,255
2670,Between 2 and 3 hours,60,150,210
2893,0 minutes,120,0,120
1752,Between 1 and 30 minutes,350,15,365
2560,Between 31 minutes and 1 hour,30,45,75
821,Between 1 and 2 hours,30,90,120
1262,Between 1 and 2 hours,45,90,135
16613,Between 1 and 2 hours,20,90,110
554,Between 1 and 2 hours,45,90,135
596,Between 1 and 2 hours,120,90,210
11544,More than 3 hours,100,180,280
2454,Between 2 and 3 hours,75,150,225
1097,Between 31 minutes and 1 hour,90,45,135
11785,Between 31 minutes and 1 hour,70,45,115
2364,Between 31 minutes and 1 hour,45,45,90
1098,Between 2 and 3 hours,75,150,225
1565,Between 1 and 2 hours,45,90,135
14427,0 minutes,30,0,30
1655,Between 2 and 3 hours,90,150,240
1690,Between 1 and 2 hours,45,90,135
15329,Between 2 and 3 hours,200,150,350
2583,More than 3 hours,60,180,240
2037,Between 1 and 30 minutes,100,15,115
13948,Between 1 and 2 hours,30,90,120
20308,More than 3 hours,150,180,330
1314,Between 1 and 30 minutes,60,15,75
12692,Between 1 and 2 hours,120,90,210
20665,Between 1 and 2 hours,90,90,180
1600,0 minutes,300,0,300
1933,Between 31 minutes and 1 hour,30,45,75
2462,Between 1 and 2 hours,60,90,150
2735,More than 3 hours,60,180,240
819,More than 3 hours,200,180,380
14032,0 minutes,240,0,240
1340,Between 2 and 3 hours,90,150,240
2629,Between 31 minutes and 1 hour,120,45,165
2712,More than 3 hours,180,180,360
1014,More than 3 hours,75,180,255
9824,Between 1 and 30 minutes,35,15,50
16660,Between 2 and 3 hours,240,150,390
3030,Between 2 and 3 hours,60,150,210
1312,More than 3 hours,1200,180,1380
2985,More than 3 hours,60,180,240
3059,Between 1 and 30 minutes,120,15,135
1526,More than 3 hours,30,180,210
2539,Between 2 and 3 hours,90,150,240
21091,More than 3 hours,60,180,240
22559,More than 3 hours,60,180,240
11071,Between 1 and 30 minutes,30,15,45
2149,More than 3 hours,200,180,380
19338,More than 3 hours,120,180,300
2070,More than 3 hours,60,180,240
2856,Between 1 and 2 hours,60,90,150
21563,Between 31 minutes and 1 hour,90,45,135
23115,Between 1 and 2 hours,200,90,290
456,Between 2 and 3 hours,360,150,510
17297,Between 1 and 2 hours,60,90,150
1876,More than 3 hours,60,180,240
843,Between 1 and 2 hours,20,90,110
23238,Between 1 and 2 hours,120,90,210
1926,Between 31 minutes and 1 hour,160,45,205
1178,More than 3 hours,60,180,240
23144,Between 2 and 3 hours,120,150,270
672,Between 31 minutes and 1 hour,60,45,105
2403,Between 2 and 3 hours,300,150,450
2126,Between 1 and 2 hours,180,90,270
23769,Between 31 minutes and 1 hour,120,45,165
35,Between 2 and 3 hours,120,150,270
2831,Between 31 minutes and 1 hour,30,45,75
651,Between 31 minutes and 1 hour,75,45,120
1819,Between 1 and 2 hours,60,90,150
3043,More than 3 hours,150,180,330
23665,More than 3 hours,60,180,240
23169,Between 31 minutes and 1 hour,90,45,135
2156,More than 3 hours,70,180,250
714,More than 3 hours,30,180,210
14254,More than 3 hours,90,180,270
21571,More than 3 hours,60,180,240
21231,More than 3 hours,30,180,210
15465,More than 3 hours,60,180,240
935,More than 3 hours,40,180,220
18858,0 minutes,360,0,360
990,Between 1 and 30 minutes,120,15,135
317,Between 1 and 30 minutes,400,15,415
9654,Between 31 minutes and 1 hour,120,45,165
1248,More than 3 hours,60,180,240
24086,Between 1 and 2 hours,60,90,150
2839,Between 31 minutes and 1 hour,300,45,345
3048,Between 1 and 30 minutes,60,15,75
1566,More than 3 hours,60,180,240
19155,Between 1 and 2 hours,150,90,240
19597,Between 1 and 2 hours,120,90,210
354,Between 1 and 2 hours,75,90,165
81,Between 31 minutes and 1 hour,120,45,165
573,Between 1 and 2 hours,40,90,130
23454,Between 1 and 2 hours,0,90,90
12089,Between 1 and 30 minutes,180,15,195
2532,Between 31 minutes and 1 hour,120,45,165
12066,Between 1 and 2 hours,120,90,210
13917,0 minutes,120,0,120
3125,Between 1 and 2 hours,120,90,210
1390,Between 31 minutes and 1 hour,60,45,105
2640,More than 3 hours,120,180,300
23818,Between 31 minutes and 1 hour,90,45,135
23427,Between 1 and 2 hours,120,90,210
19834,Between 1 and 2 hours,80,90,170
1972,Between 2 and 3 hours,200,150,350
2911,Between 31 minutes and 1 hour,1200,45,1245
13222,Between 31 minutes and 1 hour,60,45,105
18619,Between 31 minutes and 1 hour,45,45,90
1458,More than 3 hours,180,180,360
22343,More than 3 hours,1399,180,1579
21314,More than 3 hours,190,180,370
19885,Between 2 and 3 hours,15,150,165
1198,Between 31 minutes and 1 hour,40,45,85
1451,Between 31 minutes and 1 hour,30,45,75
2887,Between 1 and 2 hours,240,90,330
21532,Between 1 and 2 hours,20,90,110
2851,More than 3 hours,90,180,270
382,Between 2 and 3 hours,300,150,450
674,Between 1 and 2 hours,180,90,270
625,Between 1 and 2 hours,60,90,150
11607,More than 3 hours,180,180,360
11918,Between 1 and 2 hours,90,90,180
1297,More than 3 hours,45,180,225
23783,0 minutes,30,0,30
21465,More than 3 hours,180,180,360
3106,Between 2 and 3 hours,60,150,210
14402,More than 3 hours,1000,180,1180
17794,Between 2 and 3 hours,60,150,210
902,Between 2 and 3 hours,120,150,270
13315,More than 3 hours,220,180,400
11172,More than 3 hours,60,180,240
16402,Between 1 and 30 minutes,120,15,135
1259,Between 1 and 2 hours,120,90,210
2772,More than 3 hours,30,180,210
12639,Between 31 minutes and 1 hour,120,45,165
13721,Between 2 and 3 hours,90,150,240
1889,Between 1 and 2 hours,20,90,110
1743,More than 3 hours,120,180,300
2855,Between 31 minutes and 1 hour,50,45,95
20199,Between 2 and 3 hours,240,150,390
1758,Between 1 and 2 hours,60,90,150
1706,Between 2 and 3 hours,90,150,240
21092,0 minutes,300,0,300
13622,More than 3 hours,90,180,270
2254,More than 3 hours,70,180,250
11274,More than 3 hours,240,180,420
2762,Between 2 and 3 hours,200,150,350
16368,Between 2 and 3 hours,90,150,240
58,Between 2 and 3 hours,30,150,180
850,Between 1 and 2 hours,45,90,135
20693,More than 3 hours,60,180,240
250,Between 31 minutes and 1 hour,120,45,165
838,Between 1 and 2 hours,90,90,180
18857,Between 2 and 3 hours,80,150,230
16202,Between 2 and 3 hours,120,150,270
202,Between 2 and 3 hours,180,150,330
16650,Between 1 and 2 hours,45,90,135
14860,More than 3 hours,45,180,225
17458,Between 31 minutes and 1 hour,85,45,130
1278,Between 31 minutes and 1 hour,50,45,95
2249,More than 3 hours,90,180,270
1294,Between 1 and 2 hours,50,90,140
18545,More than 3 hours,120,180,300
3079,Between 31 minutes and 1 hour,90,45,135
24051,Between 31 minutes and 1 hour,120,45,165
2034,Between 1 and 2 hours,20,90,110
1715,More than 3 hours,120,180,300
2973,More than 3 hours,120,180,300
11108,Between 31 minutes and 1 hour,180,45,225
23244,Between 2 and 3 hours,45,150,195
263,Between 1 and 2 hours,180,90,270
262,Between 1 and 2 hours,180,90,270
22485,Between 31 minutes and 1 hour,20,45,65
307,More than 3 hours,45,180,225
1620,More than 3 hours,30,180,210
18482,More than 3 hours,60,180,240
21130,More than 3 hours,240,180,420
16003,Between 2 and 3 hours,60,150,210
477,Between 31 minutes and 1 hour,65,45,110
14991,Between 1 and 2 hours,180,90,270
10024,Between 1 and 30 minutes,60,15,75
12452,More than 3 hours,60,180,240
12607,Between 31 minutes and 1 hour,10,45,55
19209,More than 3 hours,10,180,190
15515,Between 2 and 3 hours,75,150,225
12698,Between 31 minutes and 1 hour,120,45,165
195,Between 2 and 3 hours,120,150,270
2859,More than 3 hours,120,180,300
2635,Between 2 and 3 hours,60,150,210
12544,More than 3 hours,30,180,210
10304,Between 31 minutes and 1 hour,120,45,165
1667,Between 2 and 3 hours,35,150,185
16973,Between 31 minutes and 1 hour,30,45,75
1056,More than 3 hours,80,180,260
668,More than 3 hours,30,180,210
13962,Between 31 minutes and 1 hour,400,45,445
9861,More than 3 hours,60,180,240
14664,More than 3 hours,75,180,255
16927,Between 2 and 3 hours,120,150,270
1385,Between 31 minutes and 1 hour,45,45,90
12550,More than 3 hours,120,180,300
2752,Between 1 and 2 hours,60,90,150
17211,More than 3 hours,90,180,270
1247,More than 3 hours,90,180,270
971,Between 31 minutes and 1 hour,300,45,345
925,More than 3 hours,30,180,210
2170,More than 3 hours,200,180,380
292,Between 1 and 2 hours,180,90,270
12119,Between 2 and 3 hours,60,150,210
120,Between 2 and 3 hours,75,150,225
2568,0 minutes,240,0,240
39,Between 2 and 3 hours,30,150,180
13200,Between 1 and 2 hours,80,90,170
22222,More than 3 hours,45,180,225
17724,Between 2 and 3 hours,70,150,220
19699,Between 1 and 2 hours,120,90,210
11379,Between 31 minutes and 1 hour,60,45,105
21643,More than 3 hours,200,180,380
19685,Between 31 minutes and 1 hour,120,45,165
17035,Between 1 and 2 hours,90,90,180
14456,More than 3 hours,60,180,240
3075,Between 1 and 2 hours,60,90,150
2728,Between 31 minutes and 1 hour,60,45,105
19434,Between 2 and 3 hours,30,150,180
16140,Between 2 and 3 hours,45,150,195
1786,Between 2 and 3 hours,120,150,270
544,0 minutes,75,0,75
922,Between 31 minutes and 1 hour,500,45,545
2464,Between 1 and 30 minutes,90,15,105
271,More than 3 hours,45,180,225
3103,More than 3 hours,45,180,225
627,More than 3 hours,240,180,420
2115,Between 1 and 2 hours,100,90,190
1432,Between 1 and 2 hours,300,90,390
1993,More than 3 hours,240,180,420
940,More than 3 hours,60,180,240
17962,Between 2 and 3 hours,1440,150,1590
18628,Between 31 minutes and 1 hour,180,45,225
20975,Between 31 minutes and 1 hour,45,45,90
2107,More than 3 hours,60,180,240
1399,Between 1 and 30 minutes,60,15,75
19020,Between 1 and 2 hours,300,90,390
12146,Between 2 and 3 hours,60,150,210
13975,Between 2 and 3 hours,90,150,240
22018,Between 31 minutes and 1 hour,120,45,165
23977,Between 1 and 2 hours,60,90,150
1006,More than 3 hours,120,180,300
13827,Between 31 minutes and 1 hour,180,45,225
1579,Between 1 and 2 hours,120,90,210
14639,More than 3 hours,45,180,225
1807,Between 2 and 3 hours,60,150,210
1429,Between 1 and 2 hours,180,90,270
13670,Between 31 minutes and 1 hour,60,45,105
50,Between 1 and 2 hours,120,90,210
9566,More than 3 hours,45,180,225
18728,Between 2 and 3 hours,45,150,195
2382,Between 1 and 2 hours,45,90,135
1783,More than 3 hours,200,180,380
2730,Between 31 minutes and 1 hour,20,45,65
17248,Between 2 and 3 hours,560,150,710
14156,Between 31 minutes and 1 hour,45,45,90
19904,Between 1 and 2 hours,120,90,210
23261,More than 3 hours,120,180,300
754,More than 3 hours,120,180,300
762,Between 1 and 2 hours,120,90,210
98,More than 3 hours,360,180,540
3004,More than 3 hours,45,180,225
18527,Between 1 and 2 hours,30,90,120
11507,Between 1 and 2 hours,60,90,150
12771,Between 2 and 3 hours,30,150,180
19032,Between 2 and 3 hours,90,150,240
80,More than 3 hours,75,180,255
825,Between 2 and 3 hours,30,150,180
21372,More than 3 hours,180,180,360
19774,Between 31 minutes and 1 hour,80,45,125
3013,Between 1 and 2 hours,75,90,165
22386,Between 31 minutes and 1 hour,15,45,60
2459,More than 3 hours,180,180,360
827,Between 1 and 2 hours,100,90,190
1535,More than 3 hours,70,180,250
953,0 minutes,45,0,45
11413,More than 3 hours,80,180,260
15078,Between 1 and 30 minutes,180,15,195
16838,Between 1 and 2 hours,25,90,115
1647,Between 2 and 3 hours,120,150,270
23236,Between 2 and 3 hours,90,150,240
2780,Between 1 and 30 minutes,60,15,75
9705,Between 2 and 3 hours,40,150,190
3066,More than 3 hours,240,180,420
1561,Between 1 and 30 minutes,60,15,75
1335,Between 2 and 3 hours,130,150,280
2905,Between 2 and 3 hours,60,150,210
12088,Between 2 and 3 hours,100,150,250
20744,More than 3 hours,900,180,1080
22624,More than 3 hours,120,180,300
13065,Between 31 minutes and 1 hour,60,45,105
801,More than 3 hours,120,180,300
174,Between 2 and 3 hours,30,150,180
2785,More than 3 hours,60,180,240
10332,0 minutes,90,0,90
2776,Between 1 and 30 minutes,45,15,60
2309,Between 31 minutes and 1 hour,45,45,90
963,Between 1 and 2 hours,90,90,180
23969,More than 3 hours,200,180,380
2423,Between 1 and 2 hours,30,90,120
23216,More than 3 hours,30,180,210
2150,More than 3 hours,120,180,300
13769,More than 3 hours,200,180,380
2004,Between 2 and 3 hours,60,150,210
9827,Between 2 and 3 hours,20,150,170
15564,Between 2 and 3 hours,120,150,270
12477,More than 3 hours,150,180,330
12068,Between 2 and 3 hours,240,150,390
1999,Between 2 and 3 hours,120,150,270
16359,Between 1 and 30 minutes,300,15,315
18516,Between 31 minutes and 1 hour,120,45,165
23535,More than 3 hours,180,180,360
13287,More than 3 hours,60,180,240
1859,More than 3 hours,30,180,210
1696,Between 1 and 30 minutes,60,15,75
1981,Between 2 and 3 hours,60,150,210
2625,Between 1 and 2 hours,160,90,250
16934,Between 1 and 30 minutes,25,15,40
1474,More than 3 hours,20,180,200
1323,Between 2 and 3 hours,120,150,270
992,Between 31 minutes and 1 hour,60,45,105
351,More than 3 hours,120,180,300
2808,Between 1 and 30 minutes,30,15,45
16232,Between 2 and 3 hours,45,150,195
14235,Between 2 and 3 hours,90,150,240
16393,Between 2 and 3 hours,75,150,225
1449,More than 3 hours,180,180,360
24045,Between 2 and 3 hours,60,150,210
11471,Between 1 and 30 minutes,30,15,45
23275,Between 31 minutes and 1 hour,30,45,75
1164,More than 3 hours,25,180,205
20512,Between 1 and 2 hours,250,90,340
1269,More than 3 hours,10,180,190
11764,Between 2 and 3 hours,30,150,180
23304,More than 3 hours,45,180,225
10492,Between 31 minutes and 1 hour,90,45,135
1622,More than 3 hours,180,180,360
1662,Between 31 minutes and 1 hour,120,45,165
1094,More than 3 hours,120,180,300
2577,More than 3 hours,60,180,240
14778,Between 2 and 3 hours,90,150,240
1175,More than 3 hours,120,180,300
2359,More than 3 hours,180,180,360
1882,More than 3 hours,300,180,480
1852,Between 1 and 2 hours,90,90,180
2694,Between 1 and 30 minutes,180,15,195
2214,Between 1 and 30 minutes,20,15,35
14017,More than 3 hours,90,180,270
193,Between 2 and 3 hours,60,150,210
807,Between 2 and 3 hours,420,150,570
17834,Between 2 and 3 hours,60,150,210
16320,0 minutes,120,0,120
11554,Between 1 and 2 hours,60,90,150
9848,Between 1 and 2 hours,120,90,210
14656,More than 3 hours,360,180,540
23567,0 minutes,400,0,400
12655,More than 3 hours,20,180,200
1673,Between 2 and 3 hours,75,150,225
23866,Between 2 and 3 hours,240,150,390
3071,Between 1 and 2 hours,240,90,330
1583,0 minutes,40,0,40
1444,0 minutes,120,0,120
871,Between 2 and 3 hours,110,150,260
370,Between 2 and 3 hours,300,150,450
22927,More than 3 hours,20,180,200
15667,Between 1 and 2 hours,45,90,135
20019,More than 3 hours,240,180,420
2210,0 minutes,180,0,180
20136,Between 1 and 2 hours,60,90,150
22654,More than 3 hours,240,180,420
11896,Between 1 and 2 hours,50,90,140
753,0 minutes,600,0,600
19244,Between 31 minutes and 1 hour,356,45,401
14746,More than 3 hours,180,180,360
14657,Between 1 and 2 hours,240,90,330
21120,Between 31 minutes and 1 hour,120,45,165
2196,More than 3 hours,60,180,240
16740,Between 2 and 3 hours,60,150,210
635,More than 3 hours,300,180,480
1082,Between 2 and 3 hours,50,150,200
17062,More than 3 hours,360,180,540
12140,More than 3 hours,90,180,270
19775,Between 1 and 2 hours,20,90,110
11614,0 minutes,10,0,10
440,Between 1 and 2 hours,300,90,390
20864,0 minutes,180,0,180
859,Between 1 and 2 hours,60,90,150
1309,Between 1 and 2 hours,80,90,170
2935,Between 2 and 3 hours,200,150,350
18371,Between 2 and 3 hours,240,150,390
15938,Between 1 and 2 hours,30,90,120
2397,More than 3 hours,60,180,240
2610,More than 3 hours,30,180,210
15783,Between 1 and 2 hours,180,90,270
962,Between 2 and 3 hours,180,150,330
19262,Between 31 minutes and 1 hour,110,45,155
1770,Between 1 and 30 minutes,90,15,105
2461,More than 3 hours,60,180,240
2775,Between 2 and 3 hours,30,150,180
17911,More than 3 hours,40,180,220
20104,Between 1 and 30 minutes,10,15,25
19939,More than 3 hours,30,180,210
10110,Between 31 minutes and 1 hour,30,45,75
18835,More than 3 hours,120,180,300
20440,More than 3 hours,60,180,240
1330,More than 3 hours,30,180,210
638,More than 3 hours,90,180,270
21704,Between 2 and 3 hours,300,150,450
13298,More than 3 hours,180,180,360
545,Between 1 and 2 hours,50,90,140
2658,More than 3 hours,240,180,420
413,More than 3 hours,80,180,260
12482,Between 1 and 30 minutes,180,15,195
2984,Between 2 and 3 hours,45,150,195
10506,More than 3 hours,300,180,480
386,More than 3 hours,300,180,480
13789,Between 31 minutes and 1 hour,50,45,95
21433,Between 1 and 30 minutes,60,15,75
18349,Between 31 minutes and 1 hour,90,45,135
2274,Between 2 and 3 hours,10,150,160
2418,More than 3 hours,90,180,270
2290,Between 2 and 3 hours,75,150,225
19878,Between 31 minutes and 1 hour,45,45,90
15213,Between 1 and 2 hours,60,90,150
11246,Between 1 and 2 hours,90,90,180
14773,Between 1 and 2 hours,60,90,150
1250,Between 31 minutes and 1 hour,60,45,105
932,Between 1 and 2 hours,60,90,150
21573,More than 3 hours,60,180,240
11385,Between 1 and 2 hours,30,90,120
10564,More than 3 hours,90,180,270
1296,Between 1 and 2 hours,120,90,210
2961,More than 3 hours,30,180,210
1557,More than 3 hours,30,180,210
15443,More than 3 hours,300,180,480
10646,More than 3 hours,30,180,210
15336,Between 2 and 3 hours,60,150,210
16126,Between 1 and 2 hours,120,90,210
23425,Between 1 and 30 minutes,65,15,80
19191,Between 31 minutes and 1 hour,20,45,65
2476,Between 1 and 2 hours,180,90,270
18156,More than 3 hours,60,180,240
22818,Between 31 minutes and 1 hour,90,45,135
842,Between 31 minutes and 1 hour,150,45,195
2167,Between 1 and 2 hours,120,90,210
15929,Between 1 and 30 minutes,240,15,255
13427,More than 3 hours,30,180,210
11016,Between 1 and 2 hours,60,90,150
2512,Between 31 minutes and 1 hour,60,45,105
3126,More than 3 hours,80,180,260
13121,Between 1 and 2 hours,45,90,135
18430,Between 1 and 2 hours,70,90,160
17482,More than 3 hours,120,180,300
10783,More than 3 hours,600,180,780
49,More than 3 hours,180,180,360
186,0 minutes,10,0,10
16371,Between 1 and 2 hours,90,90,180
18934,Between 2 and 3 hours,30,150,180
14365,Between 2 and 3 hours,30,150,180
17295,Between 1 and 2 hours,55,90,145
20217,Between 31 minutes and 1 hour,180,45,225
13726,Between 1 and 30 minutes,60,15,75
18155,Between 31 minutes and 1 hour,120,45,165
2571,Between 2 and 3 hours,60,150,210
1100,0 minutes,30,0,30
23332,More than 3 hours,90,180,270
96,Between 2 and 3 hours,60,150,210
17601,Between 2 and 3 hours,60,150,210
10920,Between 1 and 2 hours,360,90,450
12561,More than 3 hours,180,180,360
2140,More than 3 hours,75,180,255
1498,Between 1 and 2 hours,110,90,200
860,More than 3 hours,100,180,280
1714,Between 2 and 3 hours,90,150,240
1353,Between 1 and 30 minutes,30,15,45
23035,Between 2 and 3 hours,100,150,250
853,More than 3 hours,90,180,270
2218,Between 31 minutes and 1 hour,30,45,75
34,Between 31 minutes and 1 hour,90,45,135
2515,Between 1 and 2 hours,90,90,180
2012,Between 31 minutes and 1 hour,40,45,85
1511,More than 3 hours,240,180,420
18183,Between 1 and 2 hours,500,90,590
21000,More than 3 hours,10,180,190
16970,Between 31 minutes and 1 hour,150,45,195
2537,Between 1 and 30 minutes,40,15,55
1616,More than 3 hours,80,180,260
15576,Between 1 and 2 hours,240,90,330
1265,More than 3 hours,120,180,300
17732,Between 1 and 2 hours,40,90,130
10803,Between 2 and 3 hours,75,150,225
1073,Between 1 and 2 hours,120,90,210
19498,0 minutes,30,0,30
11005,More than 3 hours,30,180,210
24063,More than 3 hours,45,180,225
1800,More than 3 hours,25,180,205
20703,More than 3 hours,600,180,780
10112,Between 1 and 30 minutes,30,15,45
14044,Between 31 minutes and 1 hour,30,45,75
24046,Between 2 and 3 hours,120,150,270
16119,Between 1 and 2 hours,60,90,150
993,More than 3 hours,45,180,225
14500,Between 2 and 3 hours,300,150,450
1766,Between 2 and 3 hours,100,150,250
17745,Between 2 and 3 hours,120,150,270
12273,More than 3 hours,30,180,210
472,Between 2 and 3 hours,60,150,210
14628,Between 1 and 2 hours,90,90,180
13106,Between 31 minutes and 1 hour,60,45,105
488,Between 2 and 3 hours,180,150,330
2471,Between 31 minutes and 1 hour,60,45,105
20729,Between 2 and 3 hours,180,150,330
1759,Between 2 and 3 hours,175,150,325
1151,Between 31 minutes and 1 hour,30,45,75
11735,Between 31 minutes and 1 hour,120,45,165
447,0 minutes,300,0,300
1799,Between 31 minutes and 1 hour,35,45,80
2008,More than 3 hours,500,180,680
17770,More than 3 hours,240,180,420
845,Between 1 and 2 hours,60,90,150
22947,Between 31 minutes and 1 hour,120,45,165
15273,0 minutes,120,0,120
1708,More than 3 hours,90,180,270
17910,More than 3 hours,90,180,270
19183,Between 1 and 2 hours,60,90,150
572,Between 1 and 2 hours,0,90,90
1092,Between 2 and 3 hours,120,150,270
788,Between 1 and 2 hours,120,90,210
364,Between 1 and 2 hours,120,90,210
308,Between 1 and 2 hours,200,90,290
11642,Between 1 and 2 hours,60,90,150
16817,Between 1 and 2 hours,30,90,120
814,More than 3 hours,60,180,240
728,Between 1 and 2 hours,560,90,650
1812,More than 3 hours,45,180,225
3110,Between 2 and 3 hours,70,150,220
22286,Between 2 and 3 hours,180,150,330
15781,More than 3 hours,300,180,480
265,Between 1 and 2 hours,30,90,120
21022,Between 1 and 2 hours,180,90,270
21456,More than 3 hours,196,180,376
161,0 minutes,40,0,40
869,More than 3 hours,90,180,270
1116,Between 1 and 2 hours,45,90,135
10463,Between 1 and 2 hours,90,90,180
13729,Between 31 minutes and 1 hour,60,45,105
20869,More than 3 hours,240,180,420
2262,0 minutes,200,0,200
2817,More than 3 hours,60,180,240
1626,Between 1 and 30 minutes,60,15,75
21070,More than 3 hours,120,180,300
89,0 minutes,600,0,600
12898,Between 1 and 2 hours,45,90,135
218,More than 3 hours,60,180,240
23116,0 minutes,240,0,240
2562,Between 1 and 2 hours,60,90,150
15926,More than 3 hours,120,180,300
14196,Between 1 and 2 hours,45,90,135
682,More than 3 hours,120,180,300
205,More than 3 hours,300,180,480
1939,Between 31 minutes and 1 hour,120,45,165
667,More than 3 hours,360,180,540
2921,More than 3 hours,80,180,260
17586,Between 2 and 3 hours,70,150,220
12118,Between 1 and 2 hours,60,90,150
20189,Between 1 and 30 minutes,240,15,255
22642,More than 3 hours,180,180,360
852,Between 31 minutes and 1 hour,30,45,75
1332,More than 3 hours,90,180,270
2715,Between 2 and 3 hours,35,150,185
20554,Between 2 and 3 hours,500,150,650
1527,Between 2 and 3 hours,240,150,390
1841,More than 3 hours,480,180,660
11387,More than 3 hours,70,180,250
22276,More than 3 hours,90,180,270
12695,0 minutes,60,0,60
10685,Between 1 and 2 hours,90,90,180
2925,More than 3 hours,280,180,460
2186,More than 3 hours,120,180,300
24238,Between 2 and 3 hours,45,150,195
530,More than 3 hours,180,180,360
15155,More than 3 hours,120,180,300
2114,Between 31 minutes and 1 hour,300,45,345
21194,Between 31 minutes and 1 hour,120,45,165
17735,Between 2 and 3 hours,45,150,195
18171,Between 31 minutes and 1 hour,250,45,295
17544,Between 1 and 2 hours,80,90,170
10172,Between 31 minutes and 1 hour,60,45,105
475,Between 1 and 2 hours,30,90,120
2349,More than 3 hours,800,180,980
2460,Between 31 minutes and 1 hour,60,45,105
1697,Between 2 and 3 hours,360,150,510
348,Between 2 and 3 hours,75,150,225
18526,More than 3 hours,180,180,360
1388,Between 1 and 30 minutes,90,15,105
1918,More than 3 hours,450,180,630
21665,Between 1 and 2 hours,30,90,120
11924,Between 2 and 3 hours,240,150,390
1280,More than 3 hours,120,180,300
138,More than 3 hours,180,180,360
11695,Between 1 and 2 hours,240,90,330
251,Between 31 minutes and 1 hour,60,45,105
19683,Between 31 minutes and 1 hour,185,45,230
2666,Between 31 minutes and 1 hour,40,45,85
16450,More than 3 hours,90,180,270
20066,Between 31 minutes and 1 hour,90,45,135
2989,0 minutes,500,0,500
13907,More than 3 hours,60,180,240
2109,Between 1 and 30 minutes,90,15,105
1074,Between 2 and 3 hours,40,150,190
394,Between 31 minutes and 1 hour,45,45,90
24057,Between 1 and 2 hours,200,90,290
2687,More than 3 hours,100,180,280
14066,Between 31 minutes and 1 hour,35,45,80
11053,Between 31 minutes and 1 hour,45,45,90
21926,Between 2 and 3 hours,60,150,210
1063,More than 3 hours,120,180,300
471,0 minutes,120,0,120
121,More than 3 hours,500,180,680
21746,0 minutes,120,0,120
13258,Between 1 and 2 hours,25,90,115
1555,Between 2 and 3 hours,60,150,210
888,Between 1 and 2 hours,60,90,150
2400,Between 31 minutes and 1 hour,30,45,75
18560,Between 1 and 2 hours,100,90,190
19949,More than 3 hours,10,180,190
10681,More than 3 hours,60,180,240
1167,Between 1 and 2 hours,40,90,130
19407,Between 1 and 2 hours,20,90,110
2197,Between 1 and 30 minutes,90,15,105
757,Between 2 and 3 hours,90,150,240
1168,Between 31 minutes and 1 hour,250,45,295
2676,Between 31 minutes and 1 hour,480,45,525
1553,Between 2 and 3 hours,90,150,240
11484,Between 31 minutes and 1 hour,60,45,105
2510,More than 3 hours,80,180,260
3068,Between 1 and 2 hours,30,90,120
3072,More than 3 hours,90,180,270
2069,Between 1 and 2 hours,30,90,120
1623,More than 3 hours,175,180,355
1227,More than 3 hours,45,180,225
2723,More than 3 hours,60,180,240
10364,More than 3 hours,90,180,270
1219,Between 31 minutes and 1 hour,240,45,285
14331,Between 1 and 30 minutes,60,15,75
21067,Between 1 and 2 hours,45,90,135
2194,Between 31 minutes and 1 hour,200,45,245
324,Between 1 and 30 minutes,200,15,215
21568,Between 1 and 2 hours,120,90,210
2067,Between 2 and 3 hours,180,150,330
631,Between 31 minutes and 1 hour,250,45,295
272,Between 31 minutes and 1 hour,60,45,105
3104,Between 31 minutes and 1 hour,60,45,105
299,Between 1 and 2 hours,120,90,210
10009,More than 3 hours,90,180,270
1030,Between 1 and 2 hours,120,90,210
12275,Between 1 and 2 hours,120,90,210
1141,More than 3 hours,45,180,225
21928,Between 31 minutes and 1 hour,60,45,105
51,Between 2 and 3 hours,300,150,450
23460,Between 2 and 3 hours,600,150,750
22090,More than 3 hours,180,180,360
21242,More than 3 hours,360,180,540
998,Between 31 minutes and 1 hour,90,45,135
282,0 minutes,60,0,60
2328,Between 1 and 30 minutes,40,15,55
10983,More than 3 hours,90,180,270
2166,Between 1 and 30 minutes,60,15,75
2258,Between 1 and 2 hours,20,90,110
1163,More than 3 hours,300,180,480
11309,Between 2 and 3 hours,30,150,180
13563,Between 31 minutes and 1 hour,60,45,105
20024,Between 31 minutes and 1 hour,25,45,70
10254,More than 3 hours,360,180,540
14579,Between 31 minutes and 1 hour,60,45,105
23306,Between 2 and 3 hours,30,150,180
20522,0 minutes,90,0,90
12685,More than 3 hours,60,180,240
15292,Between 2 and 3 hours,40,150,190
17433,0 minutes,90,0,90
19495,Between 1 and 2 hours,15,90,105
13081,Between 1 and 30 minutes,300,15,315
20279,More than 3 hours,480,180,660
17011,Between 1 and 30 minutes,60,15,75
18164,Between 1 and 2 hours,180,90,270
2977,Between 2 and 3 hours,1000,150,1150
13191,More than 3 hours,35,180,215
19263,More than 3 hours,60,180,240
22585,Between 31 minutes and 1 hour,180,45,225
2305,More than 3 hours,180,180,360
11166,Between 1 and 2 hours,30,90,120
1649,More than 3 hours,130,180,310
22277,Between 1 and 2 hours,45,90,135
21567,Between 2 and 3 hours,60,150,210
2563,More than 3 hours,120,180,300
14557,More than 3 hours,120,180,300
1061,Between 1 and 2 hours,150,90,240
2084,Between 1 and 30 minutes,30,15,45
10101,Between 31 minutes and 1 hour,20,45,65
21132,Between 31 minutes and 1 hour,60,45,105
14874,Between 1 and 2 hours,30,90,120
16541,Between 2 and 3 hours,60,150,210
21064,Between 31 minutes and 1 hour,120,45,165
15507,Between 1 and 2 hours,120,90,210
883,More than 3 hours,75,180,255
1072,Between 2 and 3 hours,60,150,210
3064,Between 2 and 3 hours,120,150,270
22426,More than 3 hours,60,180,240
11393,More than 3 hours,360,180,540
1736,Between 1 and 2 hours,160,90,250
17228,More than 3 hours,45,180,225
3088,Between 31 minutes and 1 hour,70,45,115
12917,More than 3 hours,35,180,215
1060,Between 1 and 2 hours,60,90,150
9703,Between 31 minutes and 1 hour,45,45,90
2572,More than 3 hours,120,180,300
115,More than 3 hours,45,180,225
14740,More than 3 hours,45,180,225
22881,Between 1 and 30 minutes,60,15,75
2528,Between 2 and 3 hours,120,150,270
1079,More than 3 hours,480,180,660
3093,Between 1 and 30 minutes,120,15,135
736,More than 3 hours,180,180,360
20073,More than 3 hours,120,180,300
21046,Between 2 and 3 hours,90,150,240
2042,More than 3 hours,30,180,210
2088,Between 2 and 3 hours,10,150,160
1613,More than 3 hours,90,180,270
19670,Between 1 and 2 hours,60,90,150
11950,Between 2 and 3 hours,60,150,210
20439,More than 3 hours,120,180,300
2988,Between 2 and 3 hours,120,150,270
1071,Between 2 and 3 hours,60,150,210
695,More than 3 hours,60,180,240
607,Between 1 and 30 minutes,90,15,105
20448,Between 1 and 2 hours,200,90,290
451,More than 3 hours,480,180,660
21298,Between 2 and 3 hours,60,150,210
14747,Between 2 and 3 hours,128,150,278
18433,Between 31 minutes and 1 hour,120,45,165
3100,More than 3 hours,120,180,300
23872,More than 3 hours,60,180,240
482,Between 1 and 2 hours,90,90,180
3120,Between 1 and 30 minutes,90,15,105
17573,More than 3 hours,400,180,580
22067,More than 3 hours,250,180,430
1356,Between 1 and 2 hours,60,90,150
2105,More than 3 hours,200,180,380
18130,More than 3 hours,50,180,230
23121,Between 2 and 3 hours,180,150,330
19714,More than 3 hours,30,180,210
2869,Between 31 minutes and 1 hour,90,45,135
11781,Between 2 and 3 hours,60,150,210
1091,More than 3 hours,120,180,300
2074,Between 2 and 3 hours,80,150,230
1292,More than 3 hours,400,180,580
24220,Between 1 and 30 minutes,160,15,175
22362,Between 1 and 2 hours,300,90,390
621,More than 3 hours,90,180,270
12669,Between 1 and 2 hours,70,90,160
3026,Between 1 and 30 minutes,180,15,195
3006,More than 3 hours,300,180,480
920,0 minutes,300,0,300
10272,More than 3 hours,120,180,300
610,Between 2 and 3 hours,240,150,390
904,Between 1 and 2 hours,1.5,90,91.5
1716,Between 2 and 3 hours,120,150,270
14419,Between 1 and 2 hours,120,90,210
13656,More than 3 hours,60,180,240
17487,Between 1 and 30 minutes,30,15,45
2470,Between 1 and 2 hours,60,90,150
22324,Between 1 and 30 minutes,180,15,195
20542,More than 3 hours,120,180,300
71,Between 1 and 2 hours,60,90,150
18971,Between 31 minutes and 1 hour,150,45,195
19102,Between 1 and 2 hours,60,90,150
14678,Between 1 and 30 minutes,300,15,315
23153,More than 3 hours,150,180,330
19627,More than 3 hours,60,180,240
2600,Between 1 and 30 minutes,120,15,135
1351,More than 3 hours,20,180,200
14751,More than 3 hours,120,180,300
2009,Between 2 and 3 hours,180,150,330
21727,Between 1 and 2 hours,90,90,180
21604,Between 1 and 30 minutes,180,15,195
10124,Between 2 and 3 hours,480,150,630
407,Between 1 and 30 minutes,120,15,135
13566,Between 1 and 2 hours,60,90,150
13489,Between 31 minutes and 1 hour,200,45,245
374,Between 1 and 30 minutes,120,15,135
9779,More than 3 hours,30,180,210
383,Between 1 and 30 minutes,60,15,75
16542,More than 3 hours,35,180,215
18390,Between 2 and 3 hours,35,150,185
2554,More than 3 hours,30,180,210
958,More than 3 hours,120,180,300
14012,More than 3 hours,120,180,300
2842,Between 31 minutes and 1 hour,240,45,285
478,Between 1 and 2 hours,30,90,120
15163,0 minutes,120,0,120
13516,Between 1 and 2 hours,120,90,210
170,Between 1 and 2 hours,90,90,180
14297,More than 3 hours,30,180,210
9870,Between 1 and 2 hours,240,90,330
15833,Between 1 and 2 hours,20,90,110
12760,Between 2 and 3 hours,45,150,195
20888,More than 3 hours,45,180,225
297,More than 3 hours,40,180,220
586,Between 2 and 3 hours,85,150,235
2602,Between 2 and 3 hours,180,150,330
24031,Between 2 and 3 hours,30,150,180
15921,Between 31 minutes and 1 hour,180,45,225
16181,Between 1 and 30 minutes,120,15,135
13890,More than 3 hours,60,180,240
614,More than 3 hours,30,180,210
2348,Between 2 and 3 hours,90,150,240
20749,More than 3 hours,180,180,360
19965,Between 1 and 30 minutes,120,15,135
19301,Between 31 minutes and 1 hour,50,45,95
467,Between 1 and 2 hours,500,90,590
1985,More than 3 hours,100,180,280
9820,More than 3 hours,150,180,330
2311,Between 1 and 2 hours,35,90,125
16178,Between 1 and 2 hours,35,90,125
2122,More than 3 hours,100,180,280
13457,More than 3 hours,90,180,270
17283,More than 3 hours,75,180,255
1872,More than 3 hours,60,180,240
16446,Between 1 and 2 hours,180,90,270
2453,Between 31 minutes and 1 hour,120,45,165
485,Between 1 and 2 hours,60,90,150
2080,More than 3 hours,90,180,270
1888,More than 3 hours,60,180,240
12121,More than 3 hours,60,180,240
9862,0 minutes,30,0,30
20848,Between 31 minutes and 1 hour,45,45,90
2599,More than 3 hours,240,180,420
17083,Between 2 and 3 hours,120,150,270
14583,Between 1 and 2 hours,40,90,130
1742,More than 3 hours,50,180,230
1255,More than 3 hours,90,180,270
13663,More than 3 hours,10,180,190
1607,Between 1 and 2 hours,120,90,210
18786,More than 3 hours,45,180,225
16169,More than 3 hours,300,180,480
20274,More than 3 hours,60,180,240
10595,Between 31 minutes and 1 hour,120,45,165
2375,Between 1 and 2 hours,30,90,120
1606,More than 3 hours,60,180,240
11430,More than 3 hours,300,180,480
16478,More than 3 hours,90,180,270
11330,Between 2 and 3 hours,60,150,210
22000,More than 3 hours,1000,180,1180
21196,More than 3 hours,45,180,225
12548,Between 1 and 30 minutes,30,15,45
1103,Between 31 minutes and 1 hour,120,45,165
21850,More than 3 hours,60,180,240
997,Between 31 minutes and 1 hour,120,45,165
15645,Between 2 and 3 hours,600,150,750
11885,Between 2 and 3 hours,30,150,180
1971,More than 3 hours,90,180,270
11428,Between 1 and 2 hours,90,90,180
2002,More than 3 hours,40,180,220
17252,More than 3 hours,75,180,255
23937,More than 3 hours,240,180,420
1361,Between 31 minutes and 1 hour,320,45,365
652,Between 1 and 2 hours,360,90,450
15697,Between 1 and 2 hours,40,90,130
19927,More than 3 hours,180,180,360
23253,Between 1 and 2 hours,100,90,190
3070,Between 2 and 3 hours,20,150,170
22655,More than 3 hours,90,180,270
20420,More than 3 hours,60,180,240
23512,More than 3 hours,180,180,360
12846,More than 3 hours,45,180,225
21048,More than 3 hours,150,180,330
13525,Between 1 and 2 hours,30,90,120
693,Between 2 and 3 hours,80,150,230
12514,Between 1 and 2 hours,840,90,930
2159,Between 31 minutes and 1 hour,70,45,115
2404,Between 1 and 30 minutes,45,15,60
12374,Between 2 and 3 hours,25,150,175
20713,Between 2 and 3 hours,60,150,210
22331,Between 2 and 3 hours,45,150,195
20760,More than 3 hours,60,180,240
3115,More than 3 hours,500,180,680
16483,Between 1 and 2 hours,60,90,150
12907,More than 3 hours,180,180,360
855,Between 1 and 2 hours,30,90,120
21836,Between 1 and 2 hours,120,90,210
975,Between 1 and 2 hours,120,90,210
1276,Between 1 and 30 minutes,20,15,35
2840,Between 1 and 2 hours,120,90,210
2524,Between 1 and 2 hours,20,90,110
12072,Between 1 and 2 hours,120,90,210
1126,Between 31 minutes and 1 hour,120,45,165
18675,Between 1 and 2 hours,45,90,135
2552,Between 31 minutes and 1 hour,60,45,105
14517,Between 1 and 30 minutes,180,15,195
23718,Between 2 and 3 hours,120,150,270
20880,Between 31 minutes and 1 hour,90,45,135
16057,Between 2 and 3 hours,125,150,275
18225,Between 2 and 3 hours,60,150,210
684,Between 1 and 2 hours,360,90,450
12153,Between 31 minutes and 1 hour,300,45,345
2101,Between 1 and 30 minutes,120,15,135
2045,Between 2 and 3 hours,90,150,240
908,More than 3 hours,180,180,360
1880,Between 2 and 3 hours,120,150,270
19172,More than 3 hours,600,180,780
23032,0 minutes,180,0,180
525,More than 3 hours,180,180,360
459,Between 2 and 3 hours,60,150,210
685,More than 3 hours,60,180,240
2983,More than 3 hours,600,180,780
6,Between 2 and 3 hours,119,150,269
12979,Between 2 and 3 hours,240,150,390
9582,Between 31 minutes and 1 hour,150,45,195
18872,More than 3 hours,60,180,240
1487,More than 3 hours,150,180,330
3028,Between 1 and 2 hours,180,90,270
1571,Between 2 and 3 hours,90,150,240
2661,More than 3 hours,45,180,225
2748,Between 1 and 2 hours,480,90,570
11006,Between 1 and 2 hours,90,90,180
19388,More than 3 hours,240,180,420
19553,Between 31 minutes and 1 hour,240,45,285
12371,Between 31 minutes and 1 hour,90,45,135
13770,Between 1 and 2 hours,240,90,330
1455,Between 1 and 2 hours,120,90,210
2915,More than 3 hours,300,180,480
12862,Between 2 and 3 hours,180,150,330
390,Between 2 and 3 hours,60,150,210
16109,Between 1 and 2 hours,60,90,150
23111,Between 2 and 3 hours,120,150,270
13356,Between 1 and 30 minutes,160,15,175
24078,More than 3 hours,60,180,240
11368,More than 3 hours,60,180,240
16856,More than 3 hours,300,180,480
18119,Between 1 and 30 minutes,45,15,60
21506,Between 31 minutes and 1 hour,30,45,75
15726,More than 3 hours,60,180,240
2849,0 minutes,240,0,240
1445,Between 2 and 3 hours,240,150,390
2858,Between 1 and 2 hours,65,90,155
23709,Between 2 and 3 hours,90,150,240
587,Between 1 and 2 hours,120,90,210
15550,Between 2 and 3 hours,30,150,180
11067,Between 1 and 2 hours,380,90,470
712,Between 2 and 3 hours,56,150,206
3024,Between 31 minutes and 1 hour,120,45,165
13610,Between 2 and 3 hours,20,150,170
1584,Between 31 minutes and 1 hour,45,45,90
14259,Between 2 and 3 hours,30,150,180
16614,Between 2 and 3 hours,60,150,210
15309,More than 3 hours,70,180,250
192,Between 1 and 2 hours,60,90,150
21492,Between 1 and 30 minutes,60,15,75
1,Between 1 and 30 minutes,120,15,135
20106,More than 3 hours,45,180,225
480,Between 1 and 30 minutes,90,15,105
2396,Between 1 and 2 hours,30,90,120
153,More than 3 hours,60,180,240
2316,More than 3 hours,300,180,480
2394,More than 3 hours,30,180,210
20739,More than 3 hours,60,180,240
19067,Between 2 and 3 hours,650,150,800
15460,More than 3 hours,25,180,205
2580,Between 31 minutes and 1 hour,200,45,245
1290,Between 2 and 3 hours,90,150,240
249,More than 3 hours,60,180,240
9875,Between 2 and 3 hours,60,150,210
1207,Between 2 and 3 hours,60,150,210
22142,Between 2 and 3 hours,120,150,270
2766,Between 2 and 3 hours,240,150,390
681,Between 31 minutes and 1 hour,185,45,230
17243,Between 1 and 2 hours,180,90,270
2805,Between 2 and 3 hours,300,150,450
2942,More than 3 hours,45,180,225
2681,Between 1 and 30 minutes,50,15,65
868,Between 1 and 30 minutes,120,15,135
21214,Between 2 and 3 hours,90,150,240
2801,More than 3 hours,180,180,360
2209,Between 1 and 30 minutes,60,15,75
10902,Between 1 and 2 hours,20,90,110
10800,More than 3 hours,60,180,240
1809,Between 2 and 3 hours,90,150,240
17935,Between 1 and 30 minutes,30,15,45
2987,Between 1 and 2 hours,125,90,215
511,Between 2 and 3 hours,40,150,190
14005,Between 2 and 3 hours,60,150,210
21706,More than 3 hours,120,180,300
529,Between 1 and 2 hours,120,90,210
18769,Between 2 and 3 hours,120,150,270
1861,More than 3 hours,60,180,240
11114,Between 31 minutes and 1 hour,60,45,105
3096,More than 3 hours,60,180,240
300,Between 31 minutes and 1 hour,90,45,135
11648,Between 2 and 3 hours,60,150,210
2754,Between 1 and 30 minutes,120,15,135
10539,More than 3 hours,60,180,240
64,More than 3 hours,220,180,400
14869,More than 3 hours,180,180,360
24313,More than 3 hours,120,180,300
9638,More than 3 hours,90,180,270
21443,More than 3 hours,120,180,300
15860,Between 1 and 2 hours,55,90,145
14205,Between 31 minutes and 1 hour,120,45,165
18498,Between 1 and 2 hours,90,90,180
20866,Between 1 and 2 hours,45,90,135
11195,Between 1 and 30 minutes,60,15,75
552,Between 1 and 2 hours,30,90,120
13655,Between 1 and 30 minutes,20,15,35
252,Between 1 and 2 hours,90,90,180
858,More than 3 hours,200,180,380
3130,More than 3 hours,60,180,240
23597,More than 3 hours,120,180,300
2185,Between 1 and 2 hours,120,90,210
15439,Between 1 and 2 hours,20,90,110
661,Between 1 and 2 hours,150,90,240
20382,More than 3 hours,120,180,300
2066,Between 31 minutes and 1 hour,240,45,285
21053,Between 31 minutes and 1 hour,30,45,75
40,More than 3 hours,20,180,200
1895,Between 31 minutes and 1 hour,200,45,245
2233,0 minutes,1440,0,1440
1364,Between 2 and 3 hours,30,150,180
231,Between 1 and 2 hours,180,90,270
325,Between 1 and 2 hours,180,90,270
555,Between 1 and 2 hours,220,90,310
2071,More than 3 hours,15,180,195
700,More than 3 hours,1400,180,1580
11278,Between 31 minutes and 1 hour,45,45,90
19431,More than 3 hours,60,180,240
21153,More than 3 hours,1400,180,1580
1587,Between 1 and 30 minutes,25,15,40
16282,More than 3 hours,180,180,360
16772,Between 1 and 30 minutes,60,15,75
147,Between 1 and 2 hours,30,90,120
318,Between 2 and 3 hours,60,150,210
1908,More than 3 hours,900,180,1080
2310,Between 2 and 3 hours,25,150,175
13418,Between 2 and 3 hours,76,150,226
848,Between 1 and 30 minutes,45,15,60
17961,More than 3 hours,60,180,240
69,Between 1 and 2 hours,90,90,180
17752,Between 2 and 3 hours,230,150,380
2884,Between 1 and 2 hours,200,90,290
22726,Between 1 and 2 hours,120,90,210
330,More than 3 hours,120,180,300
1494,Between 1 and 2 hours,60,90,150
1316,Between 31 minutes and 1 hour,60,45,105
1958,Between 31 minutes and 1 hour,60,45,105
11986,Between 31 minutes and 1 hour,60,45,105
1478,More than 3 hours,60,180,240
14701,Between 2 and 3 hours,20,150,170
2589,Between 1 and 2 hours,160,90,250
12965,Between 2 and 3 hours,120,150,270
17930,Between 1 and 2 hours,90,90,180
13023,More than 3 hours,60,180,240
22476,Between 2 and 3 hours,200,150,350
2295,Between 1 and 30 minutes,30,15,45
11162,More than 3 hours,30,180,210
10171,More than 3 hours,120,180,300
23108,Between 2 and 3 hours,60,150,210
20994,Between 2 and 3 hours,120,150,270
7,Between 2 and 3 hours,20,150,170
15922,0 minutes,20,0,20
12418,Between 1 and 2 hours,40,90,130
13518,Between 2 and 3 hours,90,150,240
2900,Between 1 and 2 hours,100,90,190
1988,Between 1 and 2 hours,60,90,150
505,Between 1 and 2 hours,60,90,150
24278,More than 3 hours,120,180,300
1129,Between 1 and 30 minutes,180,15,195
792,More than 3 hours,120,180,300
16274,Between 2 and 3 hours,45,150,195
17391,Between 31 minutes and 1 hour,30,45,75
2956,More than 3 hours,90,180,270
16303,Between 1 and 2 hours,45,90,135
19386,Between 2 and 3 hours,120,150,270
24093,Between 31 minutes and 1 hour,120,45,165
546,More than 3 hours,700,180,880
724,Between 1 and 2 hours,300,90,390
980,Between 31 minutes and 1 hour,180,45,225
23995,Between 31 minutes and 1 hour,180,45,225
350,More than 3 hours,120,180,300
225,More than 3 hours,300,180,480
1825,More than 3 hours,300,180,480
2226,More than 3 hours,30,180,210
21614,0 minutes,120,0,120
18078,Between 1 and 2 hours,80,90,170
345,More than 3 hours,60,180,240
243,Between 1 and 2 hours,20,90,110
21503,Between 1 and 2 hours,120,90,210
19513,More than 3 hours,120,180,300
2848,Between 31 minutes and 1 hour,30,45,75
1670,Between 1 and 2 hours,60,90,150
100,More than 3 hours,100,180,280
2338,Between 2 and 3 hours,120,150,270
12225,Between 1 and 2 hours,20,90,110
20036,Between 1 and 2 hours,120,90,210
280,More than 3 hours,259,180,439
16805,Between 1 and 30 minutes,30,15,45
22707,Between 2 and 3 hours,50,150,200
10754,Between 2 and 3 hours,45,150,195
17281,More than 3 hours,30,180,210
17018,Between 1 and 2 hours,75,90,165
2860,Between 1 and 2 hours,30,90,120
23013,Between 31 minutes and 1 hour,30,45,75
19912,Between 1 and 30 minutes,30,15,45
257,More than 3 hours,200,180,380
12649,Between 2 and 3 hours,60,150,210
1119,Between 2 and 3 hours,30,150,180
23001,Between 1 and 2 hours,90,90,180
19220,0 minutes,90,0,90
1932,More than 3 hours,300,180,480
11347,Between 1 and 2 hours,60,90,150
12925,Between 1 and 2 hours,120,90,210
1737,More than 3 hours,480,180,660
1159,Between 2 and 3 hours,150,150,300
15952,More than 3 hours,360,180,540
2031,0 minutes,30,0,30
2668,Between 1 and 2 hours,45,90,135
582,Between 1 and 2 hours,120,90,210
1204,0 minutes,30,0,30
1505,More than 3 hours,180,180,360
424,0 minutes,180,0,180
155,More than 3 hours,180,180,360
12497,More than 3 hours,45,180,225
16141,Between 31 minutes and 1 hour,300,45,345
1946,Between 2 and 3 hours,120,150,270
2747,More than 3 hours,600,180,780
2474,Between 1 and 2 hours,45,90,135
1724,Between 2 and 3 hours,35,150,185
1109,More than 3 hours,60,180,240
14139,Between 1 and 2 hours,45,90,135
418,More than 3 hours,120,180,300
2333,Between 31 minutes and 1 hour,60,45,105
17367,More than 3 hours,45,180,225
851,More than 3 hours,120,180,300
2129,More than 3 hours,90,180,270
18308,Between 2 and 3 hours,0,150,150
13424,More than 3 hours,55,180,235
15178,More than 3 hours,110,180,290
19827,Between 31 minutes and 1 hour,60,45,105
14106,Between 1 and 2 hours,180,90,270
14218,Between 2 and 3 hours,180,150,330
14651,More than 3 hours,90,180,270
11356,Between 31 minutes and 1 hour,120,45,165
537,More than 3 hours,30,180,210
1813,Between 31 minutes and 1 hour,60,45,105
14883,More than 3 hours,400,180,580
1288,Between 31 minutes and 1 hour,120,45,165
22248,Between 1 and 30 minutes,200,15,215
18707,Between 2 and 3 hours,30,150,180
13699,Between 31 minutes and 1 hour,80,45,125
21409,More than 3 hours,30,180,210
15371,More than 3 hours,65,180,245
18879,More than 3 hours,60,180,240
13351,Between 1 and 30 minutes,60,15,75
1950,More than 3 hours,120,180,300
10055,Between 1 and 2 hours,120,90,210
12596,More than 3 hours,45,180,225
1308,More than 3 hours,60,180,240
2091,Between 31 minutes and 1 hour,120,45,165
9585,Between 1 and 2 hours,45,90,135
1787,Between 2 and 3 hours,60,150,210
22634,Between 1 and 2 hours,120,90,210
10709,Between 1 and 2 hours,200,90,290
12612,More than 3 hours,200,180,380
17728,More than 3 hours,240,180,420
2292,0 minutes,180,0,180
14830,Between 31 minutes and 1 hour,90,45,135
18343,Between 1 and 2 hours,200,90,290
1088,More than 3 hours,35,180,215
21890,Between 2 and 3 hours,120,150,270
1196,Between 1 and 2 hours,120,90,210
12297,Between 1 and 30 minutes,60,15,75
17637,Between 31 minutes and 1 hour,30,45,75
10045,Between 1 and 2 hours,150,90,240
9714,Between 2 and 3 hours,35,150,185
23856,Between 2 and 3 hours,180,150,330
1990,Between 2 and 3 hours,30,150,180
12170,Between 1 and 2 hours,45,90,135
19130,Between 2 and 3 hours,160,150,310
1782,More than 3 hours,240,180,420
1194,Between 2 and 3 hours,120,150,270
19579,Between 1 and 2 hours,60,90,150
21397,Between 31 minutes and 1 hour,120,45,165
20509,More than 3 hours,45,180,225
1284,More than 3 hours,30,180,210
2431,More than 3 hours,80,180,260
1945,Between 31 minutes and 1 hour,45,45,90
23204,Between 31 minutes and 1 hour,45,45,90
10541,Between 2 and 3 hours,30,150,180
23338,Between 1 and 30 minutes,60,15,75
15516,More than 3 hours,60,180,240
21151,Between 1 and 2 hours,180,90,270
3061,Between 1 and 2 hours,90,90,180
18852,More than 3 hours,120,180,300
1839,Between 2 and 3 hours,30,150,180
13494,Between 31 minutes and 1 hour,50,45,95
3014,More than 3 hours,120,180,300
21171,Between 31 minutes and 1 hour,30,45,75
1007,More than 3 hours,120,180,300
84,Between 2 and 3 hours,60,150,210
16259,More than 3 hours,45,180,225
21262,Between 1 and 2 hours,280,90,370
9883,Between 1 and 2 hours,120,90,210
18625,Between 1 and 30 minutes,30,15,45
14492,Between 1 and 2 hours,30,90,120
744,Between 1 and 30 minutes,180,15,195
14016,Between 1 and 2 hours,120,90,210
22133,More than 3 hours,45,180,225
11090,Between 31 minutes and 1 hour,30,45,75
1957,Between 1 and 2 hours,320,90,410
2948,Between 1 and 30 minutes,60,15,75
13661,More than 3 hours,120,180,300
23398,Between 1 and 2 hours,120,90,210
18725,Between 31 minutes and 1 hour,90,45,135
11189,More than 3 hours,300,180,480
1739,Between 1 and 2 hours,10,90,100
494,More than 3 hours,120,180,300
1938,More than 3 hours,45,180,225
20413,More than 3 hours,30,180,210
1344,More than 3 hours,45,180,225
20067,Between 1 and 2 hours,120,90,210
14317,Between 2 and 3 hours,60,150,210
23075,Between 1 and 2 hours,180,90,270
1633,Between 31 minutes and 1 hour,60,45,105
2487,Between 31 minutes and 1 hour,30,45,75
2520,More than 3 hours,30,180,210
22597,Between 2 and 3 hours,120,150,270
2708,Between 2 and 3 hours,75,150,225
3008,More than 3 hours,75,180,255
2615,Between 1 and 30 minutes,240,15,255
2347,More than 3 hours,45,180,225
2732,More than 3 hours,60,180,240
1921,Between 1 and 2 hours,200,90,290
17102,Between 2 and 3 hours,120,150,270
18303,Between 2 and 3 hours,90,150,240
12196,Between 2 and 3 hours,80,150,230
1027,More than 3 hours,60,180,240
12325,Between 1 and 2 hours,45,90,135
15183,Between 1 and 2 hours,60,90,150
2434,More than 3 hours,60,180,240
10812,Between 2 and 3 hours,240,150,390
12801,More than 3 hours,90,180,270
983,More than 3 hours,240,180,420
2919,Between 1 and 2 hours,45,90,135
2611,More than 3 hours,35,180,215
2120,Between 2 and 3 hours,30,150,180
1732,More than 3 hours,180,180,360
2946,More than 3 hours,60,180,240
14204,More than 3 hours,90,180,270
2279,More than 3 hours,60,180,240
20206,Between 1 and 2 hours,60,90,150
1618,More than 3 hours,150,180,330
21697,Between 2 and 3 hours,75,150,225
1685,Between 1 and 30 minutes,40,15,55
11520,Between 2 and 3 hours,90,150,240
15524,Between 1 and 2 hours,60,90,150
18084,Between 1 and 2 hours,180,90,270
10413,Between 31 minutes and 1 hour,45,45,90
1817,Between 1 and 2 hours,50,90,140
11350,Between 1 and 30 minutes,20,15,35
1035,0 minutes,35,0,35
12238,Between 2 and 3 hours,45,150,195
18012,Between 2 and 3 hours,180,150,330
19137,More than 3 hours,45,180,225
2420,More than 3 hours,10,180,190
405,Between 1 and 2 hours,60,90,150
2024,More than 3 hours,30,180,210
21913,Between 1 and 2 hours,120,90,210
2390,Between 31 minutes and 1 hour,30,45,75
14687,Between 1 and 30 minutes,456,15,471
14476,Between 31 minutes and 1 hour,30,45,75
14253,Between 31 minutes and 1 hour,60,45,105
267,More than 3 hours,80,180,260
18697,Between 2 and 3 hours,45,150,195
24206,0 minutes,70,0,70
313,More than 3 hours,180,180,360
1791,Between 2 and 3 hours,90,150,240
1355,Between 2 and 3 hours,30,150,180
1450,Between 31 minutes and 1 hour,45,45,90
23908,Between 1 and 30 minutes,60,15,75
22439,Between 1 and 2 hours,45,90,135
12133,More than 3 hours,350,180,530
1150,Between 1 and 30 minutes,70,15,85
16236,Between 1 and 2 hours,60,90,150
17397,Between 31 minutes and 1 hour,45,45,90
368,More than 3 hours,240,180,420
1596,Between 2 and 3 hours,90,150,240
10563,More than 3 hours,60,180,240
1559,Between 1 and 2 hours,90,90,180
47,More than 3 hours,135,180,315
10051,More than 3 hours,300,180,480
20540,Between 1 and 2 hours,45,90,135
2314,Between 2 and 3 hours,60,150,210
19437,Between 31 minutes and 1 hour,150,45,195
18681,More than 3 hours,100,180,280
104,Between 1 and 2 hours,480,90,570
17623,More than 3 hours,60,180,240
56,More than 3 hours,120,180,300
15275,More than 3 hours,90,180,270
11024,0 minutes,700,0,700
15470,0 minutes,120,0,120
12777,Between 1 and 2 hours,70,90,160
759,Between 1 and 2 hours,50,90,140
15608,Between 1 and 30 minutes,30,15,45
2057,More than 3 hours,90,180,270
11744,Between 2 and 3 hours,60,150,210
12780,Between 1 and 2 hours,75,90,165
23861,Between 2 and 3 hours,150,150,300
15821,Between 1 and 2 hours,120,90,210
19267,Between 2 and 3 hours,45,150,195
2881,More than 3 hours,25,180,205
15676,Between 1 and 2 hours,60,90,150
10366,Between 31 minutes and 1 hour,120,45,165
23478,Between 1 and 2 hours,300,90,390
11110,More than 3 hours,60,180,240
1114,Between 2 and 3 hours,120,150,270
2639,More than 3 hours,180,180,360
567,Between 2 and 3 hours,120,150,270
19345,Between 31 minutes and 1 hour,120,45,165
2144,Between 1 and 2 hours,180,90,270
3011,Between 2 and 3 hours,30,150,180
21027,Between 31 minutes and 1 hour,90,45,135
16151,More than 3 hours,60,180,240
22806,Between 31 minutes and 1 hour,45,45,90
1738,Between 1 and 2 hours,75,90,165
16979,Between 2 and 3 hours,45,150,195
15035,Between 1 and 2 hours,120,90,210
746,More than 3 hours,180,180,360
301,Between 1 and 2 hours,40,90,130
542,Between 2 and 3 hours,45,150,195
21069,More than 3 hours,30,180,210
943,Between 31 minutes and 1 hour,60,45,105
2624,Between 1 and 2 hours,120,90,210
24293,Between 1 and 2 hours,20,90,110
19046,More than 3 hours,60,180,240
10887,Between 1 and 2 hours,80,90,170
551,Between 2 and 3 hours,30,150,180
1570,Between 1 and 30 minutes,30,15,45
23335,More than 3 hours,60,180,240
209,More than 3 hours,120,180,300
1751,More than 3 hours,30,180,210
12336,More than 3 hours,90,180,270
2643,Between 31 minutes and 1 hour,120,45,165
20038,0 minutes,30,0,30
553,Between 1 and 30 minutes,20,15,35
23857,Between 31 minutes and 1 hour,90,45,135
1407,Between 2 and 3 hours,120,150,270
20873,More than 3 hours,90,180,270
1055,Between 1 and 30 minutes,20,15,35
10210,Between 1 and 2 hours,100,90,190
10187,Between 1 and 2 hours,100,90,190
17059,Between 1 and 30 minutes,120,15,135
14009,Between 31 minutes and 1 hour,60,45,105
1234,More than 3 hours,50,180,230
22579,Between 1 and 2 hours,30,90,120
14718,Between 2 and 3 hours,120,150,270
12386,Between 2 and 3 hours,30,150,180
1337,More than 3 hours,45,180,225
14488,Between 2 and 3 hours,150,150,300
11862,More than 3 hours,40,180,220
9882,More than 3 hours,40,180,220
21641,Between 1 and 2 hours,60,90,150
18754,More than 3 hours,45,180,225
22537,Between 2 and 3 hours,75,150,225
20643,Between 2 and 3 hours,60,150,210
11140,More than 3 hours,45,180,225
21012,More than 3 hours,200,180,380
914,More than 3 hours,40,180,220
2061,More than 3 hours,70,180,250
434,Between 1 and 2 hours,60,90,150
15633,0 minutes,90,0,90
19297,More than 3 hours,60,180,240
14112,Between 1 and 2 hours,90,90,180
11514,Between 1 and 2 hours,30,90,120
1775,Between 2 and 3 hours,45,150,195
773,Between 1 and 30 minutes,270,15,285
445,Between 1 and 2 hours,180,90,270
14547,Between 1 and 2 hours,20,90,110
30,Between 1 and 2 hours,30,90,120
11120,Between 2 and 3 hours,80,150,230
23732,Between 1 and 2 hours,30,90,120
17707,More than 3 hours,30,180,210
332,Between 31 minutes and 1 hour,45,45,90
1545,Between 1 and 2 hours,60,90,150
1434,More than 3 hours,180,180,360
19679,More than 3 hours,60,180,240
1147,Between 1 and 2 hours,120,90,210
1173,Between 2 and 3 hours,30,150,180
1558,Between 2 and 3 hours,30,150,180
17809,Between 2 and 3 hours,60,150,210
1726,Between 1 and 30 minutes,120,15,135
2910,More than 3 hours,40,180,220
1326,More than 3 hours,60,180,240
18492,More than 3 hours,120,180,300
2829,More than 3 hours,120,180,300
2561,More than 3 hours,120,180,300
25,Between 31 minutes and 1 hour,100,45,145
359,Between 31 minutes and 1 hour,30,45,75
15601,0 minutes,180,0,180
15343,Between 31 minutes and 1 hour,120,45,165
13617,Between 2 and 3 hours,60,150,210
1291,More than 3 hours,200,180,380
1840,More than 3 hours,50,180,230
1765,More than 3 hours,360,180,540
22705,More than 3 hours,120,180,300
16102,Between 1 and 2 hours,120,90,210
24011,More than 3 hours,120,180,300
21449,Between 2 and 3 hours,45,150,195
504,More than 3 hours,80,180,260
19533,More than 3 hours,60,180,240
343,Between 1 and 2 hours,60,90,150
12819,Between 2 and 3 hours,45,150,195
17437,Between 2 and 3 hours,80,150,230
12970,Between 31 minutes and 1 hour,100,45,145
12884,More than 3 hours,30,180,210
17197,More than 3 hours,60,180,240
20909,More than 3 hours,60,180,240
12750,Between 31 minutes and 1 hour,45,45,90
12638,0 minutes,120,0,120
12527,More than 3 hours,90,180,270
2787,Between 1 and 2 hours,60,90,150
18589,More than 3 hours,90,180,270
1214,Between 1 and 30 minutes,45,15,60
698,More than 3 hours,60,180,240
10668,More than 3 hours,50,180,230
10466,Between 1 and 30 minutes,60,15,75
23036,Between 2 and 3 hours,40,150,190
1000,More than 3 hours,30,180,210
20474,Between 1 and 2 hours,80,90,170
14385,More than 3 hours,34,180,214
9959,More than 3 hours,20,180,200
1767,More than 3 hours,60,180,240
2489,Between 1 and 30 minutes,120,15,135
2336,Between 2 and 3 hours,45,150,195
23614,More than 3 hours,500,180,680
18106,Between 31 minutes and 1 hour,120,45,165
22038,Between 1 and 2 hours,60,90,150
11873,Between 1 and 30 minutes,60,15,75
14240,Between 1 and 2 hours,10,90,100
22737,Between 2 and 3 hours,40,150,190
11519,Between 2 and 3 hours,60,150,210
15230,More than 3 hours,45,180,225
1181,0 minutes,30,0,30
22392,Between 1 and 2 hours,30,90,120
13912,Between 2 and 3 hours,20,150,170
1467,More than 3 hours,120,180,300
9772,More than 3 hours,25,180,205
23849,More than 3 hours,45,180,225
9548,Between 1 and 2 hours,20,90,110
671,Between 2 and 3 hours,20,150,170
17529,Between 1 and 2 hours,30,90,120
1222,Between 2 and 3 hours,20,150,170
1345,Between 2 and 3 hours,120,150,270
24109,More than 3 hours,45,180,225
879,Between 2 and 3 hours,120,150,270
2534,Between 2 and 3 hours,90,150,240
10997,Between 31 minutes and 1 hour,60,45,105
9901,More than 3 hours,60,180,240
20602,Between 31 minutes and 1 hour,30,45,75
23504,Between 2 and 3 hours,60,150,210
2040,More than 3 hours,120,180,300
1064,More than 3 hours,180,180,360
10894,Between 2 and 3 hours,90,150,240
2833,More than 3 hours,60,180,240
12114,Between 31 minutes and 1 hour,90,45,135
18315,More than 3 hours,60,180,240
3032,More than 3 hours,60,180,240
16841,Between 31 minutes and 1 hour,65,45,110
15036,Between 2 and 3 hours,120,150,270
23059,Between 1 and 2 hours,35,90,125
19313,Between 1 and 30 minutes,100,15,115
10295,Between 1 and 2 hours,45,90,135
2204,More than 3 hours,75,180,255
13700,Between 31 minutes and 1 hour,90,45,135
14277,Between 1 and 30 minutes,120,15,135
342,More than 3 hours,40,180,220
784,Between 1 and 2 hours,120,90,210
18862,Between 1 and 2 hours,90,90,180
2408,Between 1 and 2 hours,120,90,210
1776,Between 1 and 2 hours,140,90,230
1614,Between 2 and 3 hours,400,150,550
2814,More than 3 hours,90,180,270
21844,More than 3 hours,240,180,420
840,Between 2 and 3 hours,90,150,240
14947,Between 1 and 30 minutes,45,15,60
21074,More than 3 hours,120,180,300
982,More than 3 hours,120,180,300
805,Between 31 minutes and 1 hour,40,45,85
17193,Between 2 and 3 hours,40,150,190
4,More than 3 hours,120,180,300
2569,Between 1 and 2 hours,45,90,135
17808,Between 1 and 2 hours,90,90,180
18796,Between 2 and 3 hours,200,150,350
11999,Between 1 and 2 hours,300,90,390
18037,More than 3 hours,90,180,270
1692,Between 1 and 2 hours,75,90,165
20612,Between 1 and 30 minutes,90,15,105
22582,Between 2 and 3 hours,30,150,180
23291,Between 31 minutes and 1 hour,50,45,95
20138,Between 1 and 2 hours,200,90,290
12220,Between 31 minutes and 1 hour,60,45,105
20077,Between 31 minutes and 1 hour,30,45,75
2945,Between 2 and 3 hours,30,150,180
22191,Between 1 and 30 minutes,40,15,55
17744,Between 2 and 3 hours,90,150,240
11498,Between 2 and 3 hours,45,150,195
3000,Between 2 and 3 hours,480,150,630
15025,More than 3 hours,60,180,240
10651,Between 31 minutes and 1 hour,60,45,105
24101,Between 1 and 2 hours,180,90,270
21709,Between 1 and 30 minutes,90,15,105
16115,Between 1 and 30 minutes,60,15,75
10820,Between 2 and 3 hours,180,150,330
254,Between 1 and 30 minutes,30,15,45
13206,Between 1 and 30 minutes,45,15,60
10268,Between 1 and 30 minutes,20,15,35
2315,Between 2 and 3 hours,45,150,195
403,Between 2 and 3 hours,90,150,240
132,Between 2 and 3 hours,120,150,270
17241,Between 1 and 2 hours,60,90,150
16294,More than 3 hours,90,180,270
1427,Between 1 and 2 hours,90,90,180
13608,Between 2 and 3 hours,75,150,225
835,Between 2 and 3 hours,120,150,270
13615,Between 2 and 3 hours,90,150,240
13884,More than 3 hours,300,180,480
11417,Between 1 and 30 minutes,140,15,155
1890,Between 1 and 30 minutes,120,15,135
2656,Between 1 and 2 hours,120,90,210
1466,More than 3 hours,420,180,600
2085,More than 3 hours,90,180,270
1936,Between 2 and 3 hours,120,150,270
21822,More than 3 hours,70,180,250
19346,Between 2 and 3 hours,120,150,270
16569,Between 2 and 3 hours,30,150,180
2731,More than 3 hours,60,180,240
12631,Between 1 and 30 minutes,60,15,75
18949,Between 2 and 3 hours,120,150,270
14727,Between 2 and 3 hours,180,150,330
1251,Between 2 and 3 hours,120,150,270
11500,More than 3 hours,130,180,310
17293,0 minutes,30,0,30
16432,More than 3 hours,120,180,300
19344,More than 3 hours,120,180,300
1244,More than 3 hours,240,180,420
19776,Between 31 minutes and 1 hour,60,45,105
21270,More than 3 hours,30,180,210
16548,0 minutes,120,0,120
2690,Between 1 and 2 hours,120,90,210
1842,More than 3 hours,90,180,270
17539,Between 1 and 30 minutes,200,15,215
2783,More than 3 hours,60,180,240
23678,Between 1 and 30 minutes,80,15,95
2131,More than 3 hours,240,180,420
10227,Between 1 and 30 minutes,10,15,25
2605,More than 3 hours,60,180,240
19691,Between 2 and 3 hours,90,150,240
19103,Between 1 and 2 hours,15,90,105
11021,More than 3 hours,20,180,200
22253,Between 31 minutes and 1 hour,40,45,85
3083,Between 2 and 3 hours,480,150,630
12405,More than 3 hours,90,180,270
18572,Between 2 and 3 hours,60,150,210
2234,Between 2 and 3 hours,45,150,195
1101,Between 2 and 3 hours,90,150,240
22506,0 minutes,60,0,60
15596,More than 3 hours,30,180,210
23600,More than 3 hours,30,180,210
21696,More than 3 hours,45,180,225
14658,Between 2 and 3 hours,60,150,210
19514,Between 1 and 2 hours,60,90,150
2395,More than 3 hours,60,180,240
1224,More than 3 hours,60,180,240
12568,Between 1 and 2 hours,180,90,270
11838,Between 1 and 2 hours,20,90,110
15760,Between 31 minutes and 1 hour,200,45,245
2010,More than 3 hours,240,180,420
23648,More than 3 hours,90,180,270
1095,Between 1 and 2 hours,210,90,300
23953,More than 3 hours,150,180,330
18149,Between 2 and 3 hours,130,150,280
22030,Between 1 and 2 hours,75,90,165
2147,More than 3 hours,600,180,780
13768,More than 3 hours,120,180,300
1208,Between 1 and 2 hours,60,90,150
512,Between 1 and 30 minutes,45,15,60
13992,More than 3 hours,180,180,360
2380,More than 3 hours,60,180,240
23260,More than 3 hours,180,180,360
20571,More than 3 hours,120,180,300
22016,More than 3 hours,180,180,360
11320,0 minutes,480,0,480
1232,Between 1 and 30 minutes,45,15,60
12250,0 minutes,120,0,120
13192,Between 2 and 3 hours,30,150,180
1748,Between 31 minutes and 1 hour,30,45,75
10951,Between 2 and 3 hours,75,150,225
1059,Between 2 and 3 hours,60,150,210
892,Between 1 and 2 hours,60,90,150
22290,More than 3 hours,120,180,300
22532,More than 3 hours,60,180,240
21141,Between 1 and 2 hours,120,90,210
19705,Between 1 and 30 minutes,120,15,135
18419,Between 2 and 3 hours,65,150,215
139,More than 3 hours,30,180,210
17194,Between 1 and 30 minutes,45,15,60
23368,Between 1 and 2 hours,45,90,135
3035,More than 3 hours,60,180,240
890,Between 31 minutes and 1 hour,120,45,165
1333,Between 31 minutes and 1 hour,180,45,225
2409,More than 3 hours,100,180,280
433,More than 3 hours,60,180,240
16028,Between 2 and 3 hours,120,150,270
750,More than 3 hours,60,180,240
24179,More than 3 hours,120,180,300
1617,More than 3 hours,90,180,270
22228,More than 3 hours,120,180,300
17849,0 minutes,60,0,60
12501,0 minutes,60,0,60
1546,More than 3 hours,30,180,210
21116,Between 31 minutes and 1 hour,120,45,165
755,More than 3 hours,80,180,260
2450,More than 3 hours,240,180,420
2473,Between 2 and 3 hours,75,150,225
420,More than 3 hours,300,180,480
2794,More than 3 hours,20,180,200
23752,Between 2 and 3 hours,120,150,270
13330,Between 1 and 30 minutes,45,15,60
967,More than 3 hours,160,180,340
2021,Between 31 minutes and 1 hour,120,45,165
946,More than 3 hours,60,180,240
2318,Between 2 and 3 hours,60,150,210
1542,Between 1 and 30 minutes,50,15,65
3056,More than 3 hours,120,180,300
1346,More than 3 hours,205,180,385
10971,Between 31 minutes and 1 hour,90,45,135
20248,More than 3 hours,120,180,300
13415,More than 3 hours,180,180,360
20500,Between 2 and 3 hours,90,150,240
2138,Between 31 minutes and 1 hour,30,45,75
16969,More than 3 hours,30,180,210
14970,Between 1 and 2 hours,90,90,180
1452,More than 3 hours,40,180,220
10959,More than 3 hours,25,180,205
12084,Between 1 and 2 hours,60,90,150
21515,Between 2 and 3 hours,60,150,210
1631,Between 2 and 3 hours,200,150,350
18778,Between 2 and 3 hours,90,150,240
1959,Between 1 and 2 hours,240,90,330
2917,More than 3 hours,70,180,250
24112,More than 3 hours,30,180,210
1968,Between 1 and 2 hours,45,90,135
1502,More than 3 hours,180,180,360
20645,Between 1 and 2 hours,180,90,270
9770,More than 3 hours,65,180,245
22675,Between 1 and 2 hours,180,90,270
21143,More than 3 hours,180,180,360
816,More than 3 hours,45,180,225
16803,Between 2 and 3 hours,180,150,330
17330,Between 1 and 2 hours,200,90,290
22301,Between 31 minutes and 1 hour,30,45,75
22688,Between 1 and 30 minutes,120,15,135
13867,More than 3 hours,90,180,270
2212,More than 3 hours,120,180,300
513,More than 3 hours,120,180,300
270,Between 1 and 2 hours,35,90,125
1987,Between 1 and 30 minutes,100,15,115
2792,Between 1 and 30 minutes,75,15,90
149,More than 3 hours,40,180,220
2136,More than 3 hours,60,180,240
2943,Between 2 and 3 hours,60,150,210
2949,Between 1 and 2 hours,70,90,160
1905,More than 3 hours,45,180,225
239,Between 2 and 3 hours,120,150,270
2721,Between 1 and 2 hours,60,90,150
10461,Between 2 and 3 hours,160,150,310
2203,Between 2 and 3 hours,120,150,270
13855,Between 1 and 2 hours,90,90,180
2918,More than 3 hours,120,180,300
256,Between 1 and 2 hours,240,90,330
15909,More than 3 hours,45,180,225
1848,More than 3 hours,300,180,480
458,Between 2 and 3 hours,45,150,195
1973,Between 2 and 3 hours,65,150,215
20039,Between 1 and 2 hours,60,90,150
9783,More than 3 hours,120,180,300
19767,Between 31 minutes and 1 hour,60,45,105
19952,0 minutes,240,0,240
2018,More than 3 hours,180,180,360
465,More than 3 hours,45,180,225
21230,Between 2 and 3 hours,25,150,175
21817,Between 1 and 2 hours,60,90,150
2033,Between 31 minutes and 1 hour,60,45,105
2630,Between 31 minutes and 1 hour,120,45,165
2363,More than 3 hours,20,180,200
10193,Between 2 and 3 hours,180,150,330
1410,Between 2 and 3 hours,30,150,180
1894,Between 1 and 2 hours,55,90,145
1135,0 minutes,30,0,30
14704,Between 1 and 2 hours,120,90,210
1328,Between 1 and 2 hours,300,90,390
13149,More than 3 hours,240,180,420
2157,Between 2 and 3 hours,60,150,210
20406,Between 1 and 30 minutes,60,15,75
97,More than 3 hours,180,180,360
19826,More than 3 hours,120,180,300
666,More than 3 hours,45,180,225
20714,More than 3 hours,360,180,540
571,Between 2 and 3 hours,60,150,210
17632,Between 1 and 30 minutes,60,15,75
406,Between 31 minutes and 1 hour,90,45,135
2711,Between 1 and 30 minutes,60,15,75
833,Between 1 and 2 hours,180,90,270
1329,More than 3 hours,180,180,360
145,Between 1 and 2 hours,200,90,290
13915,Between 2 and 3 hours,60,150,210
2277,More than 3 hours,120,180,300
928,Between 31 minutes and 1 hour,60,45,105
2111,More than 3 hours,90,180,270
2896,Between 31 minutes and 1 hour,560,45,605
1495,Between 1 and 2 hours,10,90,100
703,More than 3 hours,120,180,300
1093,Between 1 and 2 hours,120,90,210
14617,Between 1 and 2 hours,30,90,120
16896,More than 3 hours,400,180,580
11756,Between 1 and 2 hours,90,90,180
9644,Between 2 and 3 hours,30,150,180
1180,More than 3 hours,360,180,540
21267,Between 1 and 30 minutes,120,15,135
21205,More than 3 hours,180,180,360
955,Between 31 minutes and 1 hour,60,45,105
19884,Between 1 and 2 hours,120,90,210
11751,Between 1 and 30 minutes,30,15,45
18214,Between 1 and 2 hours,200,90,290
620,Between 2 and 3 hours,120,150,270
229,More than 3 hours,60,180,240
21483,More than 3 hours,120,180,300
22069,Between 2 and 3 hours,180,150,330
10865,Between 1 and 2 hours,120,90,210
10584,Between 1 and 2 hours,60,90,150
21269,0 minutes,120,0,120
2999,Between 1 and 2 hours,60,90,150
21756,Between 1 and 2 hours,30,90,120
1514,Between 1 and 2 hours,30,90,120
83,Between 31 minutes and 1 hour,75,45,120
1258,Between 2 and 3 hours,256,150,406
2662,More than 3 hours,60,180,240
22541,More than 3 hours,180,180,360
15359,More than 3 hours,75,180,255
3015,More than 3 hours,65,180,245
20664,Between 1 and 30 minutes,60,15,75
1402,Between 2 and 3 hours,80,150,230
846,More than 3 hours,60,180,240
2029,More than 3 hours,25,180,205
9583,Between 1 and 2 hours,420,90,510
12162,More than 3 hours,90,180,270
1795,Between 2 and 3 hours,25,150,175
438,More than 3 hours,90,180,270
14320,Between 1 and 2 hours,150,90,240
401,Between 1 and 2 hours,500,90,590
10608,Between 2 and 3 hours,100,150,250
583,More than 3 hours,180,180,360
21281,0 minutes,120,0,120
21542,Between 1 and 30 minutes,120,15,135
2813,More than 3 hours,10,180,190
15425,Between 2 and 3 hours,30,150,180
38,Between 1 and 2 hours,180,90,270
2669,Between 1 and 30 minutes,90,15,105
21713,More than 3 hours,120,180,300
17619,Between 2 and 3 hours,60,150,210
12861,Between 2 and 3 hours,60,150,210
2593,More than 3 hours,180,180,360
15437,Between 1 and 2 hours,60,90,150
9739,Between 1 and 2 hours,60,90,150
20152,Between 2 and 3 hours,60,150,210
16731,More than 3 hours,60,180,240
21216,More than 3 hours,120,180,300
11222,Between 2 and 3 hours,30,150,180
10221,Between 2 and 3 hours,90,150,240
23290,Between 2 and 3 hours,120,150,270
12802,Between 1 and 30 minutes,60,15,75
2456,Between 31 minutes and 1 hour,90,45,135
15028,More than 3 hours,60,180,240
22495,Between 1 and 2 hours,100,90,190
1003,Between 2 and 3 hours,60,150,210
22699,Between 1 and 2 hours,240,90,330
13372,More than 3 hours,60,180,240
22289,Between 1 and 2 hours,120,90,210
426,Between 2 and 3 hours,60,150,210
2967,More than 3 hours,45,180,225
17379,More than 3 hours,240,180,420
19397,Between 31 minutes and 1 hour,60,45,105
1005,Between 1 and 30 minutes,240,15,255
15982,0 minutes,180,0,180
11516,Between 31 minutes and 1 hour,240,45,285
2621,Between 1 and 30 minutes,40,15,55
15652,More than 3 hours,30,180,210
18729,Between 1 and 30 minutes,60,15,75
1336,Between 1 and 30 minutes,80,15,95
24294,Between 1 and 2 hours,30,90,120
1528,Between 1 and 2 hours,150,90,240
10510,Between 1 and 2 hours,120,90,210
727,Between 1 and 2 hours,45,90,135
16386,More than 3 hours,90,180,270
2759,Between 31 minutes and 1 hour,30,45,75
881,More than 3 hours,240,180,420
16554,Between 2 and 3 hours,300,150,450
21222,Between 31 minutes and 1 hour,30,45,75
13639,Between 1 and 2 hours,75,90,165
18659,Between 31 minutes and 1 hour,60,45,105
14504,Between 2 and 3 hours,180,150,330
2765,Between 2 and 3 hours,150,150,300
10292,Between 1 and 2 hours,120,90,210
19576,More than 3 hours,120,180,300
16974,Between 1 and 2 hours,120,90,210
16606,Between 1 and 30 minutes,90,15,105
19545,Between 1 and 30 minutes,120,15,135
2235,Between 31 minutes and 1 hour,60,45,105
2509,More than 3 hours,60,180,240
1230,More than 3 hours,60,180,240
18573,Between 1 and 2 hours,120,90,210
10358,Between 2 and 3 hours,400,150,550
21147,Between 1 and 2 hours,45,90,135
2619,Between 2 and 3 hours,30,150,180
1028,More than 3 hours,40,180,220
9942,Between 31 minutes and 1 hour,20,45,65
921,Between 31 minutes and 1 hour,20,45,65
23480,Between 1 and 30 minutes,150,15,165
15023,Between 1 and 2 hours,120,90,210
10335,Between 2 and 3 hours,120,150,270
2360,Between 1 and 2 hours,15,90,105
1378,0 minutes,80,0,80
19026,More than 3 hours,45,180,225
14273,Between 1 and 30 minutes,60,15,75
2238,More than 3 hours,300,180,480
2920,Between 2 and 3 hours,920,150,1070
1183,Between 1 and 2 hours,60,90,150
14868,Between 2 and 3 hours,45,150,195
2230,More than 3 hours,200,180,380
13094,Between 1 and 2 hours,90,90,180
13837,Between 31 minutes and 1 hour,90,45,135
15420,0 minutes,145,0,145
2623,Between 1 and 2 hours,60,90,150
776,Between 1 and 30 minutes,172,15,187
2119,More than 3 hours,240,180,420
491,Between 1 and 30 minutes,120,15,135
2189,Between 2 and 3 hours,90,150,240
23773,More than 3 hours,90,180,270
15433,Between 2 and 3 hours,400,150,550
53,More than 3 hours,120,180,300
23695,More than 3 hours,160,180,340
2482,Between 2 and 3 hours,45,150,195
18718,Between 1 and 2 hours,60,90,150
11371,More than 3 hours,400,180,580
2098,Between 2 and 3 hours,30,150,180
102,Between 1 and 2 hours,45,90,135
14248,More than 3 hours,120,180,300
11307,Between 1 and 2 hours,20,90,110
15925,Between 31 minutes and 1 hour,60,45,105
1154,More than 3 hours,120,180,300
11953,Between 1 and 2 hours,75,90,165
10147,More than 3 hours,40,180,220
560,Between 1 and 2 hours,60,90,150
12625,Between 2 and 3 hours,60,150,210
11863,Between 31 minutes and 1 hour,90,45,135
11465,Between 2 and 3 hours,210,150,360
18700,Between 1 and 2 hours,120,90,210
24117,More than 3 hours,600,180,780
1228,Between 1 and 2 hours,30,90,120
1492,More than 3 hours,80,180,260
2229,More than 3 hours,80,180,260
19830,Between 2 and 3 hours,30,150,180
22858,Between 31 minutes and 1 hour,100,45,145
23958,Between 1 and 30 minutes,150,15,165
13941,More than 3 hours,120,180,300
2517,Between 31 minutes and 1 hour,40,45,85
1068,Between 31 minutes and 1 hour,90,45,135
486,More than 3 hours,240,180,420
2103,Between 1 and 30 minutes,30,15,45
1293,More than 3 hours,60,180,240
20852,Between 31 minutes and 1 hour,120,45,165
1499,0 minutes,500,0,500
15808,Between 2 and 3 hours,120,150,270
23084,Between 2 and 3 hours,150,150,300
2657,More than 3 hours,60,180,240
15,More than 3 hours,600,180,780
10063,Between 1 and 2 hours,222,90,312
20358,Between 1 and 2 hours,20,90,110
16142,More than 3 hours,45,180,225
10420,More than 3 hours,160,180,340
2413,Between 2 and 3 hours,20,150,170
18943,Between 2 and 3 hours,45,150,195
14524,More than 3 hours,10,180,190
14413,Between 2 and 3 hours,60,150,210
1906,Between 1 and 30 minutes,45,15,60
105,More than 3 hours,180,180,360
12888,Between 31 minutes and 1 hour,60,45,105
10081,Between 1 and 2 hours,60,90,150
11613,Between 31 minutes and 1 hour,60,45,105
16226,Between 1 and 30 minutes,90,15,105
2953,Between 1 and 2 hours,240,90,330
12766,Between 2 and 3 hours,60,150,210
2693,More than 3 hours,45,180,225
15959,More than 3 hours,180,180,360
1034,Between 1 and 2 hours,30,90,120
12814,Between 2 and 3 hours,90,150,240
16556,More than 3 hours,200,180,380
2557,Between 1 and 2 hours,90,90,180
17146,Between 1 and 30 minutes,180,15,195
17477,Between 1 and 2 hours,120,90,210
1729,More than 3 hours,60,180,240
22940,Between 1 and 2 hours,180,90,270
2343,More than 3 hours,30,180,210
1704,More than 3 hours,20,180,200
22802,More than 3 hours,100,180,280
227,Between 1 and 2 hours,40,90,130
22124,Between 2 and 3 hours,320,150,470
11300,Between 31 minutes and 1 hour,75,45,120
402,Between 2 and 3 hours,60,150,210
24095,Between 2 and 3 hours,300,150,450
2957,Between 1 and 2 hours,60,90,150
13875,More than 3 hours,60,180,240
1134,More than 3 hours,60,180,240
2519,Between 1 and 2 hours,240,90,330
16088,Between 1 and 2 hours,80,90,170
13966,Between 2 and 3 hours,400,150,550
23962,More than 3 hours,240,180,420
23932,Between 2 and 3 hours,60,150,210
2158,Between 1 and 2 hours,69,90,159
1363,Between 2 and 3 hours,60,150,210
752,Between 2 and 3 hours,200,150,350
11121,More than 3 hours,60,180,240
1185,0 minutes,70,0,70
21597,More than 3 hours,20,180,200
2523,More than 3 hours,120,180,300
15691,More than 3 hours,120,180,300
476,More than 3 hours,180,180,360
21586,Between 2 and 3 hours,180,150,330
2219,More than 3 hours,300,180,480
162,Between 1 and 2 hours,120,90,210
15051,Between 2 and 3 hours,45,150,195
18629,More than 3 hours,45,180,225
19414,More than 3 hours,120,180,300
866,More than 3 hours,480,180,660
21081,Between 2 and 3 hours,60,150,210
22735,Between 31 minutes and 1 hour,60,45,105
13272,Between 1 and 2 hours,37,90,127
1784,Between 1 and 2 hours,30,90,120
11670,Between 1 and 2 hours,45,90,135
12987,Between 2 and 3 hours,180,150,330
24010,Between 2 and 3 hours,180,150,330
14785,Between 31 minutes and 1 hour,60,45,105
1069,Between 2 and 3 hours,300,150,450
1643,Between 1 and 2 hours,120,90,210
1712,More than 3 hours,120,180,300
12427,More than 3 hours,90,180,270
2575,Between 31 minutes and 1 hour,200,45,245
3047,Between 1 and 30 minutes,240,15,255
23968,Between 2 and 3 hours,65,150,215
361,Between 1 and 2 hours,20,90,110
21358,More than 3 hours,120,180,300
775,0 minutes,340,0,340
13031,Between 1 and 2 hours,120,90,210
24275,More than 3 hours,90,180,270
19625,More than 3 hours,120,180,300
23693,0 minutes,865,0,865
21283,Between 1 and 2 hours,150,90,240
1512,Between 1 and 30 minutes,120,15,135
164,More than 3 hours,30,180,210
16729,Between 31 minutes and 1 hour,60,45,105
22685,Between 31 minutes and 1 hour,60,45,105
11077,Between 1 and 2 hours,180,90,270
3027,Between 1 and 2 hours,160,90,250
1590,Between 31 minutes and 1 hour,80,45,125
2050,Between 2 and 3 hours,120,150,270
12491,Between 1 and 2 hours,20,90,110
1166,More than 3 hours,420,180,600
11574,Between 2 and 3 hours,60,150,210
15021,Between 31 minutes and 1 hour,60,45,105
17594,Between 2 and 3 hours,33,150,183
2912,Between 1 and 30 minutes,70,15,85
2497,Between 1 and 2 hours,120,90,210
11173,Between 2 and 3 hours,45,150,195
1412,Between 1 and 2 hours,180,90,270
632,0 minutes,45,0,45
20088,Between 2 and 3 hours,240,150,390
965,Between 1 and 2 hours,120,90,210
2906,Between 1 and 2 hours,90,90,180
11007,More than 3 hours,3,180,183
23890,More than 3 hours,45,180,225
2761,More than 3 hours,100,180,280
18450,Between 1 and 2 hours,150,90,240
24040,More than 3 hours,250,180,430
16132,Between 1 and 2 hours,120,90,210
1381,Between 1 and 2 hours,180,90,270
20617,0 minutes,30,0,30
23330,More than 3 hours,100,180,280
23078,More than 3 hours,120,180,300
1881,Between 2 and 3 hours,160,150,310
22875,Between 31 minutes and 1 hour,240,45,285
1260,More than 3 hours,160,180,340
19917,Between 2 and 3 hours,600,150,750
11749,Between 1 and 2 hours,60,90,150
21265,Between 31 minutes and 1 hour,60,45,105
15503,Between 2 and 3 hours,150,150,300
725,Between 2 and 3 hours,240,150,390
18940,Between 2 and 3 hours,20,150,170
14304,Between 2 and 3 hours,30,150,180
818,Between 1 and 2 hours,20,90,110
1744,Between 31 minutes and 1 hour,60,45,105
13630,Between 2 and 3 hours,30,150,180
14144,Between 1 and 30 minutes,60,15,75
2590,More than 3 hours,80,180,260
2125,More than 3 hours,90,180,270
2827,Between 2 and 3 hours,30,150,180
19218,Between 1 and 30 minutes,350,15,365
13683,Between 1 and 30 minutes,90,15,105
9846,Between 31 minutes and 1 hour,75,45,120
18339,Between 31 minutes and 1 hour,12,45,57
32,Between 1 and 30 minutes,60,15,75
2879,Between 1 and 2 hours,1299,90,1389
23637,More than 3 hours,60,180,240
10363,Between 1 and 2 hours,120,90,210
19771,More than 3 hours,30,180,210
19811,More than 3 hours,400,180,580
887,More than 3 hours,120,180,300
1506,Between 1 and 30 minutes,30,15,45
24284,Between 1 and 2 hours,60,90,150
14325,Between 1 and 2 hours,75,90,165
2750,Between 1 and 30 minutes,120,15,135
21601,More than 3 hours,60,180,240
22738,Between 1 and 2 hours,60,90,150
2093,Between 2 and 3 hours,180,150,330
12662,More than 3 hours,120,180,300
15448,Between 2 and 3 hours,240,150,390
1947,More than 3 hours,160,180,340
12137,Between 1 and 2 hours,240,90,330
20924,Between 1 and 2 hours,30,90,120
3085,Between 2 and 3 hours,180,150,330
3127,Between 1 and 2 hours,40,90,130
15951,Between 1 and 2 hours,1440,90,1530
622,Between 1 and 30 minutes,85,15,100
1516,0 minutes,240,0,240
10096,Between 31 minutes and 1 hour,60,45,105
2788,Between 31 minutes and 1 hour,240,45,285
20578,Between 1 and 2 hours,800,90,890
20087,Between 2 and 3 hours,45,150,195
18615,Between 2 and 3 hours,130,150,280
13221,Between 31 minutes and 1 hour,45,45,90
861,Between 1 and 30 minutes,420,15,435
15236,Between 1 and 30 minutes,60,15,75
20227,More than 3 hours,180,180,360
20935,Between 1 and 30 minutes,90,15,105
1287,More than 3 hours,90,180,270
19786,More than 3 hours,260,180,440
24198,More than 3 hours,120,180,300
1522,Between 1 and 30 minutes,45,15,60
10606,Between 2 and 3 hours,100,150,250
20078,Between 1 and 2 hours,120,90,210
13701,Between 1 and 2 hours,60,90,150
11758,More than 3 hours,60,180,240
13573,Between 2 and 3 hours,60,150,210
10120,More than 3 hours,180,180,360
1215,More than 3 hours,30,180,210
22307,Between 2 and 3 hours,70,150,220
14729,Between 1 and 2 hours,120,90,210
2628,More than 3 hours,240,180,420
19018,More than 3 hours,240,180,420
2511,More than 3 hours,340,180,520
279,Between 1 and 30 minutes,120,15,135
2749,0 minutes,300,0,300
2834,More than 3 hours,60,180,240
14051,More than 3 hours,240,180,420
1863,Between 1 and 2 hours,60,90,150
12915,Between 1 and 2 hours,35,90,125
304,Between 2 and 3 hours,60,150,210
3022,Between 1 and 2 hours,100,90,190
2436,Between 2 and 3 hours,0,150,150
17662,Between 31 minutes and 1 hour,250,45,295
21174,Between 31 minutes and 1 hour,20,45,65
961,Between 31 minutes and 1 hour,40,45,85
22444,More than 3 hours,120,180,300
1816,More than 3 hours,60,180,240
1162,More than 3 hours,100,180,280
1504,More than 3 hours,80,180,260
430,More than 3 hours,120,180,300
1157,Between 2 and 3 hours,60,150,210
1540,Between 1 and 2 hours,45,90,135
13281,More than 3 hours,60,180,240
3007,Between 1 and 2 hours,65,90,155
2697,More than 3 hours,45,180,225
1978,Between 1 and 2 hours,40,90,130
16041,Between 31 minutes and 1 hour,60,45,105
10719,More than 3 hours,100,180,280
1976,Between 1 and 2 hours,600,90,690
2356,Between 31 minutes and 1 hour,90,45,135
469,More than 3 hours,90,180,270
17815,Between 1 and 2 hours,60,90,150
16868,More than 3 hours,120,180,300
22562,Between 1 and 2 hours,35,90,125
1548,Between 2 and 3 hours,50,150,200
2909,More than 3 hours,60,180,240
355,More than 3 hours,240,180,420
12555,Between 2 and 3 hours,240,150,390
655,Between 2 and 3 hours,45,150,195
2781,Between 1 and 30 minutes,30,15,45
18694,Between 1 and 30 minutes,500,15,515
15138,More than 3 hours,60,180,240
3067,Between 2 and 3 hours,240,150,390
20637,Between 31 minutes and 1 hour,30,45,75
11797,Between 31 minutes and 1 hour,30,45,75
10214,0 minutes,75,0,75
428,Between 31 minutes and 1 hour,45,45,90
13193,Between 1 and 2 hours,190,90,280
10320,More than 3 hours,120,180,300
15696,Between 31 minutes and 1 hour,240,45,285
19690,Between 31 minutes and 1 hour,45,45,90
2495,Between 1 and 2 hours,300,90,390
1536,Between 1 and 2 hours,60,90,150
21178,More than 3 hours,60,180,240
18817,Between 1 and 30 minutes,600,15,615
17955,Between 1 and 30 minutes,45,15,60
1233,Between 1 and 2 hours,240,90,330
1615,Between 1 and 30 minutes,90,15,105
18334,Between 1 and 30 minutes,30,15,45
1805,Between 1 and 2 hours,40,90,130
10497,Between 31 minutes and 1 hour,110,45,155
2063,More than 3 hours,60,180,240
185,Between 2 and 3 hours,60,150,210
1721,Between 2 and 3 hours,90,150,240
2819,Between 1 and 30 minutes,1000,15,1015
22304,Between 1 and 2 hours,60,90,150
22265,More than 3 hours,45,180,225
17190,Between 2 and 3 hours,60,150,210
17779,More than 3 hours,240,180,420
1929,Between 1 and 2 hours,300,90,390
2924,Between 2 and 3 hours,60,150,210
781,Between 1 and 2 hours,150,90,240
19182,More than 3 hours,100,180,280
17881,More than 3 hours,70,180,250
2954,Between 1 and 30 minutes,60,15,75
2998,Between 31 minutes and 1 hour,20,45,65
380,Between 2 and 3 hours,60,150,210
9970,More than 3 hours,90,180,270
15685,Between 1 and 2 hours,30,90,120
10305,Between 1 and 2 hours,60,90,150
2502,More than 3 hours,60,180,240
1821,Between 2 and 3 hours,60,150,210
16875,More than 3 hours,240,180,420
10387,Between 1 and 2 hours,30,90,120
19703,More than 3 hours,45,180,225
13945,Between 2 and 3 hours,60,150,210
1327,Between 1 and 2 hours,20,90,110
12230,Between 31 minutes and 1 hour,25,45,70
13715,Between 1 and 2 hours,30,90,120
23120,More than 3 hours,60,180,240
11617,Between 2 and 3 hours,90,150,240
1722,Between 31 minutes and 1 hour,18,45,63
23015,Between 1 and 2 hours,60,90,150
220,Between 31 minutes and 1 hour,90,45,135
18460,Between 1 and 2 hours,90,90,180
21387,Between 1 and 2 hours,60,90,150
2861,More than 3 hours,120,180,300
2208,Between 31 minutes and 1 hour,45,45,90
2746,Between 1 and 2 hours,45,90,135
11242,Between 1 and 2 hours,50,90,140
15027,Between 2 and 3 hours,70,150,220
977,Between 1 and 30 minutes,60,15,75
2181,More than 3 hours,45,180,225
1425,Between 31 minutes and 1 hour,45,45,90
17510,More than 3 hours,30,180,210
17986,Between 31 minutes and 1 hour,60,45,105
2845,Between 1 and 30 minutes,45,15,60
14668,More than 3 hours,75,180,255
15116,Between 1 and 2 hours,90,90,180
21494,More than 3 hours,360,180,540
1046,More than 3 hours,400,180,580
18063,More than 3 hours,30,180,210
15204,Between 31 minutes and 1 hour,25,45,70
18749,Between 1 and 2 hours,30,90,120
2079,More than 3 hours,45,180,225
1231,Between 1 and 2 hours,120,90,210
1865,More than 3 hours,300,180,480
1039,Between 1 and 30 minutes,30,15,45
578,More than 3 hours,30,180,210
1955,More than 3 hours,150,180,330
18217,More than 3 hours,60,180,240
986,More than 3 hours,30,180,210
2976,More than 3 hours,60,180,240
1038,Between 1 and 30 minutes,90,15,105
19732,Between 1 and 30 minutes,30,15,45
2337,More than 3 hours,5,180,185
20789,Between 1 and 30 minutes,45,15,60
1534,More than 3 hours,240,180,420
1586,More than 3 hours,20,180,200
21814,Between 1 and 30 minutes,80,15,95
524,Between 1 and 2 hours,360,90,450
2175,Between 1 and 2 hours,15,90,105
2387,Between 31 minutes and 1 hour,340,45,385
17359,Between 31 minutes and 1 hour,90,45,135
11633,More than 3 hours,60,180,240
10321,Between 2 and 3 hours,30,150,180
2385,Between 1 and 2 hours,300,90,390
13749,More than 3 hours,90,180,270
12663,Between 1 and 2 hours,20,90,110
810,Between 1 and 30 minutes,50,15,65
22157,Between 2 and 3 hours,30,150,180
22036,More than 3 hours,180,180,360
13293,Between 1 and 2 hours,60,90,150
24079,Between 2 and 3 hours,60,150,210
2139,0 minutes,60,0,60
22115,Between 1 and 2 hours,150,90,240
927,Between 31 minutes and 1 hour,100,45,145
14899,Between 1 and 2 hours,60,90,150
23362,More than 3 hours,60,180,240
17405,More than 3 hours,325,180,505
151,Between 2 and 3 hours,40,150,190
10178,Between 2 and 3 hours,120,150,270
10824,Between 31 minutes and 1 hour,700,45,745
21272,Between 2 and 3 hours,120,150,270
9928,Between 1 and 2 hours,30,90,120
13482,Between 2 and 3 hours,60,150,210
19348,Between 2 and 3 hours,180,150,330
18036,Between 1 and 2 hours,75,90,165
2019,Between 1 and 2 hours,100,90,190
23311,More than 3 hours,240,180,420
13000,More than 3 hours,75,180,255
2638,Between 31 minutes and 1 hour,60,45,105
22694,More than 3 hours,120,180,300
1490,More than 3 hours,100,180,280
18998,Between 31 minutes and 1 hour,200,45,245
15040,More than 3 hours,80,180,260
16123,Between 1 and 2 hours,20,90,110
22860,Between 1 and 2 hours,200,90,290
1903,Between 1 and 2 hours,120,90,210
2250,Between 1 and 2 hours,180,90,270
503,Between 1 and 2 hours,480,90,570
13414,Between 2 and 3 hours,75,150,225
13,Between 1 and 2 hours,300,90,390
118,More than 3 hours,120,180,300
17066,Between 2 and 3 hours,120,150,270
12252,Between 1 and 2 hours,100,90,190
519,More than 3 hours,60,180,240
938,Between 1 and 2 hours,60,90,150
789,Between 1 and 2 hours,300,90,390
17689,Between 2 and 3 hours,60,150,210
17353,Between 1 and 30 minutes,120,15,135
19710,Between 1 and 30 minutes,120,15,135
2567,More than 3 hours,60,180,240
1677,Between 31 minutes and 1 hour,300,45,345
11220,Between 1 and 2 hours,300,90,390
2756,Between 31 minutes and 1 hour,90,45,135
20654,Between 1 and 2 hours,360,90,450
18048,0 minutes,180,0,180
13526,Between 31 minutes and 1 hour,60,45,105
16907,Between 1 and 30 minutes,60,15,75
19221,Between 31 minutes and 1 hour,30,45,75
14935,Between 1 and 30 minutes,150,15,165
741,More than 3 hours,400,180,580
2266,Between 1 and 2 hours,45,90,135
1257,More than 3 hours,45,180,225
568,Between 1 and 2 hours,60,90,150
1216,Between 1 and 30 minutes,75,15,90
2622,Between 1 and 2 hours,123,90,213
28,Between 2 and 3 hours,120,150,270
1860,More than 3 hours,120,180,300
11206,Between 31 minutes and 1 hour,40,45,85
2089,More than 3 hours,240,180,420
2626,More than 3 hours,60,180,240
2555,More than 3 hours,180,180,360
14856,0 minutes,75,0,75
917,Between 1 and 2 hours,10,90,100
11157,More than 3 hours,150,180,330
15352,Between 1 and 2 hours,310,90,400
19546,Between 31 minutes and 1 hour,30,45,75
352,Between 1 and 2 hours,90,90,180
989,Between 1 and 30 minutes,400,15,415
569,Between 1 and 2 hours,45,90,135
21467,Between 1 and 2 hours,180,90,270
3051,More than 3 hours,140,180,320
1870,0 minutes,20,0,20
15218,More than 3 hours,20,180,200
23364,Between 2 and 3 hours,100,150,250
1754,More than 3 hours,60,180,240
11692,Between 2 and 3 hours,120,150,270
19821,More than 3 hours,25,180,205
15802,Between 2 and 3 hours,120,150,270
23770,More than 3 hours,160,180,340
107,Between 2 and 3 hours,90,150,240
17753,More than 3 hours,120,180,300
1855,More than 3 hours,120,180,300
705,Between 1 and 2 hours,60,90,150
1264,Between 1 and 30 minutes,5,15,20
2073,More than 3 hours,120,180,300
10758,More than 3 hours,60,180,240
12460,Between 1 and 2 hours,20,90,110
16810,More than 3 hours,360,180,540
21526,Between 1 and 30 minutes,60,15,75
557,Between 2 and 3 hours,200,150,350
2449,Between 1 and 30 minutes,120,15,135
626,More than 3 hours,180,180,360
1949,More than 3 hours,60,180,240
21488,Between 2 and 3 hours,60,150,210
16155,Between 2 and 3 hours,45,150,195
13280,More than 3 hours,45,180,225
12149,Between 1 and 2 hours,65,90,155
269,More than 3 hours,180,180,360
2466,Between 1 and 2 hours,60,90,150
2962,More than 3 hours,75,180,255
1415,Between 31 minutes and 1 hour,45,45,90
387,Between 2 and 3 hours,20,150,170
15632,Between 2 and 3 hours,30,150,180
1996,Between 2 and 3 hours,120,150,270
23633,More than 3 hours,60,180,240
3133,Between 31 minutes and 1 hour,400,45,445
18642,0 minutes,240,0,240
23850,More than 3 hours,1200,180,1380
1442,More than 3 hours,100,180,280
22983,Between 1 and 2 hours,60,90,150
15508,Between 1 and 2 hours,30,90,120
19230,Between 31 minutes and 1 hour,60,45,105
1750,Between 1 and 2 hours,10,90,100
2707,Between 1 and 30 minutes,40,15,55
13611,Between 1 and 2 hours,60,90,150
2941,Between 1 and 2 hours,1000,90,1090
692,Between 31 minutes and 1 hour,20,45,65
2392,Between 31 minutes and 1 hour,60,45,105
20068,Between 1 and 2 hours,60,90,150
19609,Between 1 and 2 hours,120,90,210
20964,More than 3 hours,250,180,430
17270,More than 3 hours,60,180,240
2726,More than 3 hours,500,180,680
1970,Between 1 and 2 hours,400,90,490
641,Between 1 and 2 hours,90,90,180
21361,Between 2 and 3 hours,120,150,270
9891,Between 1 and 2 hours,60,90,150
1681,Between 1 and 2 hours,300,90,390
21685,More than 3 hours,120,180,300
23170,More than 3 hours,20,180,200
13584,More than 3 hours,60,180,240
12676,More than 3 hours,120,180,300
2632,Between 1 and 2 hours,50,90,140
1041,Between 2 and 3 hours,299,150,449
23619,Between 2 and 3 hours,60,150,210
19882,More than 3 hours,30,180,210
12033,Between 1 and 30 minutes,60,15,75
16401,More than 3 hours,180,180,360
23406,More than 3 hours,30,180,210
13249,Between 1 and 2 hours,90,90,180
11713,Between 1 and 2 hours,60,90,150
1303,More than 3 hours,60,180,240
19938,Between 31 minutes and 1 hour,30,45,75
10609,0 minutes,5,0,5
12400,More than 3 hours,300,180,480
466,More than 3 hours,120,180,300
2297,More than 3 hours,180,180,360
111,More than 3 hours,0,180,180
20511,Between 1 and 30 minutes,40,15,55
285,Between 2 and 3 hours,60,150,210
17442,More than 3 hours,120,180,300
435,Between 1 and 2 hours,60,90,150
18090,Between 2 and 3 hours,90,150,240
1012,Between 1 and 2 hours,60,90,150
1108,Between 31 minutes and 1 hour,180,45,225
23910,Between 31 minutes and 1 hour,60,45,105
23706,More than 3 hours,120,180,300
1085,Between 1 and 2 hours,60,90,150
492,Between 31 minutes and 1 hour,120,45,165
2607,Between 1 and 30 minutes,60,15,75
19624,Between 2 and 3 hours,45,150,195
1391,Between 2 and 3 hours,60,150,210
21489,Between 1 and 2 hours,20,90,110
2374,Between 1 and 2 hours,70,90,160
2137,More than 3 hours,5,180,185
22194,More than 3 hours,20,180,200
2514,Between 1 and 30 minutes,30,15,45
3084,Between 1 and 2 hours,300,90,390
14089,0 minutes,200,0,200
2904,Between 31 minutes and 1 hour,30,45,75
1018,More than 3 hours,60,180,240
14163,More than 3 hours,90,180,270
23608,Between 31 minutes and 1 hour,30,45,75
9816,Between 1 and 2 hours,30,90,120
14183,Between 1 and 2 hours,240,90,330
1574,More than 3 hours,100,180,280
11048,More than 3 hours,30,180,210
10209,Between 1 and 2 hours,500,90,590
13434,Between 2 and 3 hours,90,150,240
10576,Between 31 minutes and 1 hour,120,45,165
15817,Between 1 and 30 minutes,100,15,115
10785,Between 31 minutes and 1 hour,120,45,165
16679,More than 3 hours,60,180,240
20651,More than 3 hours,50,180,230
2216,More than 3 hours,420,180,600
1630,Between 2 and 3 hours,150,150,300
1698,Between 2 and 3 hours,60,150,210
13756,Between 1 and 30 minutes,60,15,75
2451,More than 3 hours,60,180,240
21493,Between 2 and 3 hours,60,150,210
20638,Between 1 and 30 minutes,30,15,45
13136,More than 3 hours,60,180,240
20209,Between 1 and 2 hours,100,90,190
11571,Between 1 and 2 hours,45,90,135
3036,Between 1 and 2 hours,30,90,120
17650,Between 2 and 3 hours,30,150,180
1731,Between 1 and 30 minutes,120,15,135
2124,Between 1 and 30 minutes,30,15,45
2207,More than 3 hours,90,180,270
181,More than 3 hours,60,180,240
17927,Between 1 and 30 minutes,10,15,25
19859,0 minutes,360,0,360
20099,More than 3 hours,150,180,330
1298,More than 3 hours,35,180,215
11521,Between 1 and 2 hours,60,90,150
11891,Between 1 and 2 hours,45,90,135
12806,Between 2 and 3 hours,60,150,210
2667,Between 31 minutes and 1 hour,90,45,135
371,Between 2 and 3 hours,60,150,210
1846,Between 2 and 3 hours,50,150,200
19665,Between 1 and 2 hours,30,90,120
15412,Between 2 and 3 hours,60,150,210
19207,Between 31 minutes and 1 hour,300,45,345
12540,More than 3 hours,90,180,270
3012,More than 3 hours,240,180,420
2041,More than 3 hours,120,180,300
1392,0 minutes,75,0,75
143,0 minutes,120,0,120
125,Between 1 and 30 minutes,60,15,75
1854,Between 1 and 2 hours,100,90,190
2355,More than 3 hours,120,180,300
23729,More than 3 hours,60,180,240
13042,More than 3 hours,90,180,270
13465,More than 3 hours,200,180,380
1267,More than 3 hours,300,180,480
23002,Between 31 minutes and 1 hour,50,45,95
13897,More than 3 hours,60,180,240
1261,More than 3 hours,120,180,300
18272,More than 3 hours,35,180,215
1235,Between 1 and 30 minutes,30,15,45
22661,Between 2 and 3 hours,180,150,330
16189,Between 31 minutes and 1 hour,30,45,75
18447,More than 3 hours,150,180,330
2198,Between 1 and 2 hours,180,90,270
2056,Between 1 and 2 hours,360,90,450
20757,Between 2 and 3 hours,120,150,270
543,Between 1 and 2 hours,0,90,90
13711,Between 2 and 3 hours,10,150,160
12384,Between 2 and 3 hours,60,150,210
2926,Between 1 and 2 hours,360,90,450
24115,0 minutes,90,0,90
20724,Between 1 and 2 hours,60,90,150
15440,Between 1 and 30 minutes,180,15,195
17012,Between 2 and 3 hours,240,150,390
2072,More than 3 hours,300,180,480
20519,Between 31 minutes and 1 hour,120,45,165
602,More than 3 hours,60,180,240
15157,Between 2 and 3 hours,10,150,160
9787,Between 1 and 2 hours,120,90,210
10417,0 minutes,40,0,40
9962,Between 31 minutes and 1 hour,60,45,105
11865,More than 3 hours,30,180,210
18658,Between 2 and 3 hours,60,150,210
20276,More than 3 hours,20,180,200
14551,Between 1 and 2 hours,120,90,210
10089,More than 3 hours,60,180,240
20054,More than 3 hours,90,180,270
17024,Between 1 and 30 minutes,30,15,45
22580,Between 31 minutes and 1 hour,0,45,45
2930,Between 1 and 30 minutes,120,15,135
919,More than 3 hours,60,180,240
23724,Between 1 and 30 minutes,30,15,45
14208,Between 2 and 3 hours,120,150,270
19565,Between 1 and 30 minutes,50,15,65
10524,Between 2 and 3 hours,40,150,190
779,More than 3 hours,45,180,225
2494,More than 3 hours,30,180,210
1523,More than 3 hours,45,180,225
15323,Between 31 minutes and 1 hour,60,45,105
20035,Between 31 minutes and 1 hour,60,45,105
510,Between 2 and 3 hours,28,150,178
508,Between 1 and 30 minutes,30,15,45
584,More than 3 hours,140,180,320
509,Between 2 and 3 hours,29,150,179
2500,More than 3 hours,500,180,680
1302,Between 1 and 2 hours,15,90,105
13560,Between 2 and 3 hours,510,150,660
13423,Between 1 and 30 minutes,45,15,60
766,Between 1 and 2 hours,60,90,150
23,Between 2 and 3 hours,160,150,310
19151,Between 2 and 3 hours,20,150,170
768,Between 1 and 30 minutes,60,15,75
1423,Between 1 and 2 hours,60,90,150
17208,Between 2 and 3 hours,120,150,270
302,More than 3 hours,300,180,480
1610,Between 1 and 2 hours,50,90,140
1886,Between 1 and 30 minutes,30,15,45
710,Between 1 and 2 hours,60,90,150
10011,Between 31 minutes and 1 hour,90,45,135
1138,Between 31 minutes and 1 hour,30,45,75
95,Between 2 and 3 hours,120,150,270
13585,Between 1 and 2 hours,30,90,120
21038,Between 2 and 3 hours,120,150,270
2322,More than 3 hours,240,180,420
88,More than 3 hours,45,180,225
20835,Between 2 and 3 hours,120,150,270
12728,More than 3 hours,120,180,300
13510,More than 3 hours,20,180,200
1875,Between 1 and 2 hours,120,90,210
21555,More than 3 hours,120,180,300
18660,More than 3 hours,30,180,210
2782,Between 31 minutes and 1 hour,46,45,91
9531,More than 3 hours,45,180,225
2435,More than 3 hours,60,180,240
723,Between 1 and 2 hours,30,90,120
9895,More than 3 hours,30,180,210
16388,Between 1 and 2 hours,60,90,150
1421,More than 3 hours,120,180,300
20722,Between 2 and 3 hours,20,150,170
12303,Between 31 minutes and 1 hour,720,45,765
11372,Between 1 and 30 minutes,45,15,60
19615,Between 1 and 2 hours,60,90,150
2677,0 minutes,300,0,300
23152,Between 31 minutes and 1 hour,45,45,90
24062,Between 2 and 3 hours,60,150,210
2465,Between 1 and 2 hours,40,90,130
20059,More than 3 hours,60,180,240
1124,Between 31 minutes and 1 hour,22,45,67
20334,Between 31 minutes and 1 hour,90,45,135
11808,Between 1 and 2 hours,240,90,330
19331,Between 31 minutes and 1 hour,480,45,525
11473,Between 2 and 3 hours,60,150,210
13363,Between 1 and 2 hours,60,90,150
10199,Between 2 and 3 hours,90,150,240
20390,More than 3 hours,60,180,240
17402,More than 3 hours,180,180,360
23554,0 minutes,60,0,60
22486,Between 2 and 3 hours,40,150,190
17371,More than 3 hours,300,180,480
2527,More than 3 hours,180,180,360
20243,Between 1 and 2 hours,120,90,210
24060,More than 3 hours,120,180,300
12368,Between 31 minutes and 1 hour,240,45,285
16667,More than 3 hours,60,180,240
148,Between 2 and 3 hours,150,150,300
22296,Between 2 and 3 hours,90,150,240
14511,Between 31 minutes and 1 hour,30,45,75
1368,More than 3 hours,240,180,420
13802,Between 2 and 3 hours,360,150,510
2894,Between 1 and 30 minutes,45,15,60
20040,Between 1 and 30 minutes,180,15,195
23786,More than 3 hours,120,180,300
19843,Between 31 minutes and 1 hour,180,45,225
15801,Between 31 minutes and 1 hour,180,45,225
2652,Between 1 and 2 hours,60,90,150
577,Between 1 and 2 hours,500,90,590
2025,More than 3 hours,120,180,300
1319,Between 31 minutes and 1 hour,30,45,75
114,Between 31 minutes and 1 hour,40,45,85
579,More than 3 hours,60,180,240
2601,Between 2 and 3 hours,400,150,550
581,More than 3 hours,45,180,225
18085,More than 3 hours,9,180,189
2565,More than 3 hours,30,180,210
13090,Between 2 and 3 hours,120,150,270
21083,More than 3 hours,120,180,300
15461,Between 1 and 2 hours,30,90,120
16183,More than 3 hours,60,180,240
717,Between 2 and 3 hours,60,150,210
9785,Between 1 and 30 minutes,50,15,65
18616,Between 1 and 30 minutes,45,15,60
3128,Between 1 and 2 hours,20,90,110
1133,Between 1 and 30 minutes,30,15,45
2142,Between 1 and 2 hours,100,90,190
20251,Between 1 and 2 hours,20,90,110
23070,Between 31 minutes and 1 hour,70,45,115
16334,Between 1 and 30 minutes,60,15,75
10882,Between 2 and 3 hours,75,150,225
2228,More than 3 hours,90,180,270
19028,Between 1 and 30 minutes,25,15,40
14160,Between 1 and 30 minutes,5,15,20
14324,Between 1 and 2 hours,260,90,350
16966,Between 2 and 3 hours,45,150,195
1460,More than 3 hours,180,180,360
9826,More than 3 hours,240,180,420
150,Between 1 and 2 hours,45,90,135
1727,Between 1 and 2 hours,60,90,150
1967,Between 1 and 2 hours,120,90,210
1915,More than 3 hours,300,180,480
12246,Between 31 minutes and 1 hour,360,45,405
2223,Between 2 and 3 hours,180,150,330
11219,Between 1 and 2 hours,90,90,180
14906,Between 1 and 2 hours,120,90,210
11464,More than 3 hours,60,180,240
12239,Between 1 and 2 hours,30,90,120
18829,More than 3 hours,50,180,230
87,Between 1 and 2 hours,180,90,270
900,Between 31 minutes and 1 hour,30,45,75
2236,Between 1 and 2 hours,10,90,100
19894,Between 1 and 30 minutes,240,15,255
1833,Between 2 and 3 hours,20,150,170
516,More than 3 hours,60,180,240
12451,Between 2 and 3 hours,60,150,210
2963,Between 2 and 3 hours,150,150,300
11366,Between 1 and 2 hours,90,90,180
3095,Between 31 minutes and 1 hour,60,45,105
1493,More than 3 hours,65,180,245
16822,Between 1 and 2 hours,31,90,121
12993,More than 3 hours,45,180,225
13491,Between 2 and 3 hours,100,150,250
12906,More than 3 hours,120,180,300
15683,Between 31 minutes and 1 hour,45,45,90
2739,Between 1 and 2 hours,60,90,150
20449,More than 3 hours,90,180,270
15512,Between 1 and 30 minutes,30,15,45
21018,Between 1 and 2 hours,60,90,150
15661,More than 3 hours,150,180,330
1657,Between 2 and 3 hours,600,150,750
1592,Between 1 and 2 hours,60,90,150
2866,Between 1 and 30 minutes,30,15,45
2389,More than 3 hours,60,180,240
2507,More than 3 hours,45,180,225
21175,More than 3 hours,30,180,210
18279,More than 3 hours,100,180,280
9837,More than 3 hours,210,180,390
21536,Between 1 and 30 minutes,60,15,75
12962,More than 3 hours,180,180,360
2432,Between 1 and 30 minutes,45,15,60
22231,Between 31 minutes and 1 hour,120,45,165
616,More than 3 hours,60,180,240
13981,Between 1 and 30 minutes,10,15,25
21391,Between 1 and 30 minutes,200,15,215
1001,More than 3 hours,90,180,270
2609,Between 2 and 3 hours,60,150,210
738,Between 1 and 30 minutes,45,15,60
11777,Between 2 and 3 hours,100,150,250
23165,Between 2 and 3 hours,180,150,330
22139,More than 3 hours,100,180,280
2291,More than 3 hours,150,180,330
24049,More than 3 hours,10,180,190
493,Between 31 minutes and 1 hour,240,45,285
17373,Between 1 and 30 minutes,600,15,615
10017,Between 2 and 3 hours,50,150,200
1665,Between 1 and 2 hours,300,90,390
2217,More than 3 hours,120,180,300
501,More than 3 hours,45,180,225
1896,Between 2 and 3 hours,180,150,330
12798,More than 3 hours,300,180,480
15732,Between 31 minutes and 1 hour,45,45,90
175,Between 1 and 2 hours,100,90,190
1953,More than 3 hours,60,180,240
834,More than 3 hours,45,180,225
24148,Between 2 and 3 hours,45,150,195
23862,Between 31 minutes and 1 hour,60,45,105
23446,Between 1 and 2 hours,45,90,135
15538,Between 2 and 3 hours,75,150,225
21445,Between 1 and 30 minutes,120,15,135
2951,Between 1 and 2 hours,45,90,135
22193,Between 1 and 2 hours,120,90,210
23703,Between 31 minutes and 1 hour,120,45,165
10587,Between 2 and 3 hours,300,150,450
21815,Between 1 and 2 hours,360,90,450
704,Between 1 and 2 hours,180,90,270
17835,More than 3 hours,200,180,380
11730,Between 1 and 30 minutes,210,15,225
24015,Between 2 and 3 hours,180,150,330
13780,Between 1 and 30 minutes,60,15,75
67,Between 1 and 2 hours,30,90,120
3029,Between 31 minutes and 1 hour,60,45,105
363,More than 3 hours,45,180,225
2176,Between 31 minutes and 1 hour,35,45,80
23660,More than 3 hours,120,180,300
3124,Between 1 and 2 hours,100,90,190
2005,Between 1 and 2 hours,90,90,180
1435,Between 1 and 2 hours,30,90,120
1491,More than 3 hours,30,180,210
14619,More than 3 hours,60,180,240
16225,Between 2 and 3 hours,45,150,195
2469,More than 3 hours,60,180,240
14866,More than 3 hours,120,180,300
21813,Between 1 and 2 hours,90,90,180
2269,Between 1 and 30 minutes,90,15,105
1991,Between 2 and 3 hours,95,150,245
18041,Between 31 minutes and 1 hour,60,45,105
19651,Between 31 minutes and 1 hour,45,45,90
21906,Between 1 and 2 hours,120,90,210
19229,Between 31 minutes and 1 hour,240,45,285
13464,Between 1 and 2 hours,120,90,210
21726,More than 3 hours,100,180,280
16260,Between 2 and 3 hours,45,150,195
15500,More than 3 hours,45,180,225
22866,More than 3 hours,90,180,270
14011,More than 3 hours,60,180,240
2284,Between 31 minutes and 1 hour,20,45,65
611,Between 2 and 3 hours,45,150,195
20523,More than 3 hours,120,180,300
3101,Between 1 and 2 hours,30,90,120
1418,More than 3 hours,240,180,420
595,Between 1 and 2 hours,120,90,210
2090,More than 3 hours,500,180,680
15160,Between 2 and 3 hours,20,150,170
23262,Between 1 and 30 minutes,120,15,135
2289,Between 31 minutes and 1 hour,60,45,105
14624,Between 1 and 2 hours,60,90,150
18684,Between 2 and 3 hours,60,150,210
1679,More than 3 hours,20,180,200
624,0 minutes,45,0,45
10353,More than 3 hours,30,180,210
21261,Between 31 minutes and 1 hour,25,45,70
1197,Between 1 and 2 hours,60,90,150
15471,Between 2 and 3 hours,240,150,390
1925,Between 2 and 3 hours,60,150,210
1774,Between 1 and 2 hours,180,90,270
16462,Between 2 and 3 hours,120,150,270
9567,Between 2 and 3 hours,60,150,210
719,Between 2 and 3 hours,180,150,330
9950,Between 2 and 3 hours,30,150,180
13601,Between 2 and 3 hours,90,150,240
1205,Between 2 and 3 hours,45,150,195
22991,Between 1 and 2 hours,200,90,290
1694,Between 1 and 2 hours,110,90,200
2937,More than 3 hours,180,180,360
266,Between 2 and 3 hours,480,150,630
1676,0 minutes,900,0,900
1237,Between 1 and 2 hours,60,90,150
11663,More than 3 hours,120,180,300
381,More than 3 hours,120,180,300
16024,Between 1 and 2 hours,60,90,150
1974,More than 3 hours,30,180,210
20326,Between 31 minutes and 1 hour,30,45,75
18819,0 minutes,600,0,600
22964,Between 31 minutes and 1 hour,90,45,135
1475,Between 1 and 2 hours,120,90,210
470,More than 3 hours,60,180,240
22471,Between 1 and 2 hours,30,90,120
11585,Between 1 and 2 hours,60,90,150
20385,More than 3 hours,20,180,200
1310,Between 1 and 2 hours,90,90,180
12317,Between 2 and 3 hours,60,150,210
2331,Between 1 and 2 hours,60,90,150
11671,More than 3 hours,120,180,300
18014,Between 2 and 3 hours,59,150,209
17570,Between 1 and 30 minutes,60,15,75
18318,More than 3 hours,60,180,240
18451,Between 1 and 2 hours,440,90,530
12261,Between 31 minutes and 1 hour,60,45,105
1853,More than 3 hours,45,180,225
17642,Between 31 minutes and 1 hour,120,45,165
2702,More than 3 hours,120,180,300
20572,Between 1 and 30 minutes,300,15,315
21581,More than 3 hours,30,180,210
15379,0 minutes,60,0,60
1849,Between 1 and 2 hours,45,90,135
2506,More than 3 hours,150,180,330
11327,Between 2 and 3 hours,350,150,500
422,Between 2 and 3 hours,90,150,240
2742,0 minutes,120,0,120
11691,Between 1 and 2 hours,90,90,180
23087,More than 3 hours,90,180,270
9871,Between 1 and 2 hours,450,90,540
1611,Between 1 and 30 minutes,80,15,95
1753,More than 3 hours,45,180,225
24044,Between 1 and 2 hours,360,90,450
23441,More than 3 hours,40,180,220
284,Between 1 and 2 hours,45,90,135
2671,Between 1 and 30 minutes,400,15,415
20400,Between 31 minutes and 1 hour,20,45,65
2169,More than 3 hours,50,180,230
1441,More than 3 hours,120,180,300
15046,Between 2 and 3 hours,240,150,390
1669,Between 1 and 2 hours,30,90,120
1099,More than 3 hours,120,180,300
20592,Between 1 and 2 hours,25,90,115
514,Between 31 minutes and 1 hour,120,45,165
2522,Between 1 and 2 hours,60,90,150
800,Between 1 and 2 hours,60,90,150
288,Between 2 and 3 hours,30,150,180
18638,Between 2 and 3 hours,150,150,300
22926,Between 2 and 3 hours,75,150,225
12764,Between 2 and 3 hours,100,150,250
3091,More than 3 hours,45,180,225
126,Between 1 and 2 hours,600,90,690
10317,Between 2 and 3 hours,60,150,210
2812,Between 1 and 2 hours,120,90,210
17179,Between 2 and 3 hours,45,150,195
1725,More than 3 hours,300,180,480
46,More than 3 hours,400,180,580
21561,More than 3 hours,120,180,300
1268,Between 1 and 2 hours,30,90,120
1464,Between 1 and 30 minutes,200,15,215
12450,Between 31 minutes and 1 hour,120,45,165
17974,Between 31 minutes and 1 hour,90,45,135
21609,Between 1 and 30 minutes,200,15,215
20,More than 3 hours,60,180,240
23936,Between 1 and 2 hours,400,90,490
2227,Between 1 and 2 hours,160,90,250
22969,More than 3 hours,90,180,270
13599,Between 2 and 3 hours,240,150,390
497,Between 1 and 2 hours,60,90,150
11682,More than 3 hours,50,180,230
9969,Between 2 and 3 hours,60,150,210
539,Between 2 and 3 hours,60,150,210
20696,Between 31 minutes and 1 hour,20,45,65
13113,Between 2 and 3 hours,40,150,190
14514,Between 1 and 30 minutes,30,15,45
19867,More than 3 hours,120,180,300
21737,More than 3 hours,40,180,220
17972,More than 3 hours,75,180,255
11875,Between 1 and 30 minutes,200,15,215
23039,More than 3 hours,150,180,330
17451,More than 3 hours,60,180,240
1785,Between 1 and 2 hours,60,90,150
14742,Between 1 and 2 hours,100,90,190
2354,More than 3 hours,60,180,240
329,Between 1 and 2 hours,60,90,150
1621,More than 3 hours,360,180,540
19454,Between 1 and 30 minutes,120,15,135
22972,More than 3 hours,90,180,270
454,Between 2 and 3 hours,90,150,240
24300,More than 3 hours,60,180,240
1210,Between 31 minutes and 1 hour,180,45,225
2481,Between 2 and 3 hours,45,150,195
1644,Between 31 minutes and 1 hour,20,45,65
23107,Between 1 and 30 minutes,60,15,75
12462,Between 2 and 3 hours,240,150,390
2824,More than 3 hours,75,180,255
1672,Between 2 and 3 hours,1440,150,1590
18321,Between 31 minutes and 1 hour,360,45,405
15299,Between 2 and 3 hours,30,150,180
19417,0 minutes,28,0,28
1808,More than 3 hours,90,180,270
831,More than 3 hours,600,180,780
772,More than 3 hours,300,180,480
9856,More than 3 hours,90,180,270
1654,Between 1 and 2 hours,20,90,110
17695,Between 1 and 2 hours,180,90,270
11845,Between 2 and 3 hours,50,150,200
168,More than 3 hours,120,180,300
13364,More than 3 hours,60,180,240
20670,Between 1 and 2 hours,90,90,180
362,More than 3 hours,260,180,440
319,Between 31 minutes and 1 hour,25,45,70
18351,More than 3 hours,45,180,225
701,Between 1 and 2 hours,120,90,210
13498,More than 3 hours,90,180,270
9584,More than 3 hours,120,180,300
3087,More than 3 hours,30,180,210
1448,Between 1 and 30 minutes,240,15,255
2793,Between 2 and 3 hours,60,150,210
1645,Between 2 and 3 hours,180,150,330
23528,Between 2 and 3 hours,30,150,180
3092,More than 3 hours,60,180,240
464,Between 2 and 3 hours,15,150,165
11038,0 minutes,55,0,55
12023,More than 3 hours,60,180,240
1285,Between 1 and 2 hours,60,90,150
23629,Between 2 and 3 hours,60,150,210
2256,Between 2 and 3 hours,120,150,270
22311,Between 2 and 3 hours,45,150,195
1942,Between 31 minutes and 1 hour,90,45,135
3119,Between 1 and 2 hours,0,90,90
10675,More than 3 hours,100,180,280
11425,Between 31 minutes and 1 hour,90,45,135
19354,Between 2 and 3 hours,60,150,210
541,More than 3 hours,45,180,225
12664,Between 1 and 2 hours,60,90,150
18609,Between 1 and 2 hours,160,90,250
169,More than 3 hours,110,180,290
1354,Between 1 and 2 hours,120,90,210
2876,More than 3 hours,40,180,220
10262,Between 1 and 2 hours,30,90,120
1691,Between 1 and 30 minutes,300,15,315
16625,Between 1 and 2 hours,100,90,190
23612,Between 2 and 3 hours,120,150,270
12713,Between 2 and 3 hours,200,150,350
1246,Between 2 and 3 hours,130,150,280
18525,0 minutes,120,0,120
2049,Between 2 and 3 hours,180,150,330
2717,Between 1 and 2 hours,60,90,150
841,Between 1 and 2 hours,90,90,180
129,Between 1 and 30 minutes,50,15,65
14284,Between 31 minutes and 1 hour,400,45,445
2410,More than 3 hours,180,180,360
2472,Between 1 and 2 hours,30,90,120
163,0 minutes,250,0,250
10543,Between 1 and 2 hours,60,90,150
21368,More than 3 hours,180,180,360
16240,Between 1 and 30 minutes,30,15,45
856,Between 1 and 30 minutes,45,15,60
13564,Between 1 and 2 hours,45,90,135
1089,Between 1 and 2 hours,180,90,270
3065,More than 3 hours,120,180,300
16222,Between 1 and 2 hours,75,90,165
146,Between 2 and 3 hours,90,150,240
2237,0 minutes,230,0,230
24211,More than 3 hours,30,180,210
22719,Between 2 and 3 hours,45,150,195
18627,Between 1 and 30 minutes,45,15,60
2964,Between 2 and 3 hours,120,150,270
2518,Between 1 and 30 minutes,30,15,45
2240,More than 3 hours,90,180,270
12453,Between 31 minutes and 1 hour,40,45,85
19503,Between 31 minutes and 1 hour,30,45,75
826,More than 3 hours,60,180,240
2779,Between 2 and 3 hours,60,150,210
19526,Between 1 and 2 hours,90,90,180
22246,More than 3 hours,60,180,240
22034,More than 3 hours,120,180,300
17132,More than 3 hours,30,180,210
481,Between 2 and 3 hours,120,150,270
9889,Between 1 and 2 hours,90,90,180
22564,Between 2 and 3 hours,90,150,240
2191,Between 2 and 3 hours,240,150,390
14404,More than 3 hours,90,180,270
16,0 minutes,360,0,360
9813,0 minutes,60,0,60
119,Between 31 minutes and 1 hour,200,45,245
21625,Between 31 minutes and 1 hour,500,45,545
2081,Between 2 and 3 hours,100,150,250
11901,Between 2 and 3 hours,120,150,270
442,More than 3 hours,60,180,240
2371,Between 1 and 2 hours,90,90,180
11463,More than 3 hours,75,180,255
1627,More than 3 hours,400,180,580
10629,Between 2 and 3 hours,60,150,210
21898,Between 31 minutes and 1 hour,90,45,135
1213,Between 31 minutes and 1 hour,45,45,90
20472,Between 2 and 3 hours,240,150,390
16460,More than 3 hours,90,180,270
18260,Between 1 and 30 minutes,30,15,45
774,Between 1 and 2 hours,120,90,210
16563,More than 3 hours,90,180,270
2867,More than 3 hours,150,180,330
14071,Between 2 and 3 hours,90,150,240
11040,More than 3 hours,60,180,240
15325,Between 2 and 3 hours,90,150,240
1476,More than 3 hours,240,180,420
22310,Between 1 and 2 hours,120,90,210
16932,Between 1 and 2 hours,45,90,135
974,Between 1 and 2 hours,240,90,330
19100,More than 3 hours,60,180,240
15207,Between 1 and 2 hours,30,90,120
10255,More than 3 hours,90,180,270
2013,More than 3 hours,45,180,225
15999,More than 3 hours,90,180,270
3082,Between 2 and 3 hours,1000,150,1150
17298,Between 1 and 2 hours,120,90,210
22680,Between 1 and 2 hours,20,90,110
1701,Between 1 and 2 hours,90,90,180
765,Between 1 and 2 hours,120,90,210
17845,More than 3 hours,5,180,185
14851,Between 1 and 2 hours,90,90,180
1341,Between 1 and 30 minutes,90,15,105
2774,Between 31 minutes and 1 hour,75,45,120
740,Between 1 and 30 minutes,30,15,45
18791,Between 1 and 2 hours,40,90,130
12272,More than 3 hours,150,180,330
849,More than 3 hours,30,180,210
23743,More than 3 hours,45,180,225
16854,More than 3 hours,360,180,540
110,More than 3 hours,45,180,225
18611,More than 3 hours,50,180,230
10435,More than 3 hours,60,180,240
21676,Between 1 and 2 hours,240,90,330
22487,Between 1 and 2 hours,15,90,105
22131,0 minutes,400,0,400
2215,Between 2 and 3 hours,60,150,210
549,Between 1 and 2 hours,120,90,210
14927,Between 1 and 2 hours,600,90,690
16904,Between 1 and 2 hours,600,90,690
1136,Between 1 and 30 minutes,20,15,35
1869,Between 2 and 3 hours,250,150,400
166,More than 3 hours,90,180,270
18736,Between 31 minutes and 1 hour,60,45,105
1790,Between 1 and 30 minutes,60,15,75
16865,Between 2 and 3 hours,120,150,270
1629,Between 2 and 3 hours,360,150,510
392,Between 2 and 3 hours,240,150,390
1277,Between 2 and 3 hours,240,150,390
27,More than 3 hours,120,180,300
1877,Between 2 and 3 hours,120,150,270
416,Between 1 and 2 hours,20,90,110
12959,More than 3 hours,60,180,240
2637,Between 1 and 2 hours,60,90,150
12271,More than 3 hours,150,180,330
14900,Between 1 and 2 hours,30,90,120
14397,Between 1 and 2 hours,20,90,110
11377,Between 2 and 3 hours,45,150,195
14934,More than 3 hours,300,180,480
2991,Between 31 minutes and 1 hour,60,45,105
619,Between 1 and 30 minutes,60,15,75
1110,More than 3 hours,60,180,240
23601,Between 1 and 2 hours,60,90,150
22308,More than 3 hours,90,180,270
15098,Between 31 minutes and 1 hour,45,45,90
1177,More than 3 hours,30,180,210
1788,Between 1 and 30 minutes,90,15,105
2078,More than 3 hours,200,180,380
15799,Between 1 and 2 hours,120,90,210
2692,Between 2 and 3 hours,30,150,180
21380,Between 2 and 3 hours,40,150,190
20058,More than 3 hours,60,180,240
19377,Between 1 and 30 minutes,90,15,105
18983,Between 2 and 3 hours,60,150,210
10131,More than 3 hours,45,180,225
18988,Between 1 and 2 hours,120,90,210
22701,More than 3 hours,120,180,300
22293,Between 1 and 30 minutes,30,15,45
12937,0 minutes,120,0,120
295,Between 1 and 2 hours,60,90,150
535,Between 1 and 2 hours,60,90,150
140,Between 31 minutes and 1 hour,45,45,90
144,Between 1 and 2 hours,80,90,170
9957,Between 31 minutes and 1 hour,120,45,165
1439,Between 31 minutes and 1 hour,120,45,165
17042,0 minutes,180,0,180
10507,More than 3 hours,30,180,210
18007,Between 2 and 3 hours,180,150,330
15074,Between 1 and 2 hours,30,90,120
133,Between 31 minutes and 1 hour,20,45,65
1913,More than 3 hours,130,180,310
19934,Between 1 and 2 hours,30,90,120
13543,Between 2 and 3 hours,30,150,180
1927,Between 1 and 30 minutes,45,15,60
18731,More than 3 hours,500,180,680
11423,Between 2 and 3 hours,320,150,470
2164,More than 3 hours,360,180,540
2263,Between 1 and 2 hours,30,90,120
2966,Between 2 and 3 hours,60,150,210
245,More than 3 hours,80,180,260
1827,More than 3 hours,60,180,240
13807,Between 2 and 3 hours,420,150,570
15759,Between 1 and 30 minutes,60,15,75
11324,Between 1 and 30 minutes,50,15,65
13161,More than 3 hours,180,180,360
2720,Between 1 and 30 minutes,60,15,75
1090,0 minutes,90,0,90
10064,More than 3 hours,180,180,360
1468,More than 3 hours,60,180,240
18668,Between 31 minutes and 1 hour,30,45,75
1575,More than 3 hours,5,180,185
2386,Between 2 and 3 hours,240,150,390
798,Between 2 and 3 hours,65,150,215
2576,Between 1 and 30 minutes,60,15,75
11997,Between 31 minutes and 1 hour,120,45,165
1334,Between 1 and 30 minutes,360,15,375
15056,More than 3 hours,110,180,290
483,Between 1 and 2 hours,240,90,330
18324,Between 1 and 2 hours,120,90,210
1084,Between 1 and 30 minutes,300,15,315
16135,More than 3 hours,45,180,225
499,0 minutes,180,0,180
644,More than 3 hours,15,180,195
23326,More than 3 hours,60,180,240
10,More than 3 hours,120,180,300
931,Between 2 and 3 hours,200,150,350
13379,Between 1 and 2 hours,40,90,130
17668,0 minutes,40,0,40
2441,Between 1 and 2 hours,30,90,120
17802,More than 3 hours,30,180,210
14225,Between 1 and 2 hours,1200,90,1290
21962,Between 1 and 30 minutes,90,15,105
11476,0 minutes,360,0,360
20418,Between 1 and 2 hours,100,90,190
1289,Between 2 and 3 hours,280,150,430
1440,More than 3 hours,60,180,240
1857,More than 3 hours,45,180,225
16911,More than 3 hours,60,180,240
23501,Between 1 and 2 hours,120,90,210
18389,More than 3 hours,240,180,420
1573,Between 31 minutes and 1 hour,300,45,345
2220,More than 3 hours,45,180,225
1578,More than 3 hours,30,180,210
1797,Between 31 minutes and 1 hour,60,45,105
2655,More than 3 hours,30,180,210
14513,More than 3 hours,45,180,225
3062,Between 1 and 30 minutes,90,15,105
21735,More than 3 hours,30,180,210
17530,Between 2 and 3 hours,60,150,210
14434,Between 1 and 2 hours,60,90,150
490,More than 3 hours,60,180,240
1834,Between 31 minutes and 1 hour,0,45,45
22652,More than 3 hours,90,180,270
2822,More than 3 hours,120,180,300
19159,Between 1 and 2 hours,120,90,210
2504,Between 31 minutes and 1 hour,25,45,70
23322,Between 2 and 3 hours,80,150,230
21057,Between 1 and 30 minutes,720,15,735
22703,More than 3 hours,180,180,360
1572,Between 2 and 3 hours,60,150,210
3018,Between 2 and 3 hours,60,150,210
592,Between 1 and 30 minutes,120,15,135
15106,Between 1 and 2 hours,45,90,135
948,Between 1 and 2 hours,120,90,210
19144,Between 31 minutes and 1 hour,90,45,135
2086,Between 1 and 30 minutes,150,15,165
13689,More than 3 hours,120,180,300
11440,Between 31 minutes and 1 hour,80,45,125
561,More than 3 hours,120,180,300
70,Between 1 and 2 hours,60,90,150
14662,0 minutes,60,0,60
20170,Between 1 and 30 minutes,120,15,135
20377,Between 1 and 2 hours,30,90,120
21013,Between 31 minutes and 1 hour,60,45,105
11036,Between 2 and 3 hours,70,150,220
734,Between 2 and 3 hours,180,150,330
10225,Between 2 and 3 hours,120,150,270
899,Between 2 and 3 hours,25,150,175
16723,Between 31 minutes and 1 hour,200,45,245
1965,More than 3 hours,120,180,300
2340,More than 3 hours,20,180,200
15824,Between 1 and 2 hours,180,90,270
57,More than 3 hours,240,180,420
22404,Between 2 and 3 hours,600,150,750
2180,More than 3 hours,100,180,280
2195,More than 3 hours,5,180,185
21559,Between 2 and 3 hours,70,150,220
21054,Between 31 minutes and 1 hour,15,45,60
2914,Between 31 minutes and 1 hour,30,45,75
16130,Between 31 minutes and 1 hour,60,45,105
2211,Between 1 and 2 hours,45,90,135
12628,Between 2 and 3 hours,240,150,390
2616,Between 2 and 3 hours,65,150,215
12493,More than 3 hours,240,180,420
995,Between 31 minutes and 1 hour,60,45,105
3020,More than 3 hours,120,180,300
690,Between 31 minutes and 1 hour,120,45,165
20666,More than 3 hours,100,180,280
15669,Between 1 and 30 minutes,40,15,55
21694,More than 3 hours,90,180,270
10153,Between 2 and 3 hours,45,150,195
1940,More than 3 hours,60,180,240
19016,Between 1 and 2 hours,200,90,290
10694,Between 1 and 30 minutes,90,15,105
14117,Between 2 and 3 hours,120,150,270
23463,Between 2 and 3 hours,95,150,245
1107,Between 31 minutes and 1 hour,45,45,90
21350,Between 1 and 2 hours,20,90,110
24017,Between 1 and 2 hours,30,90,120
37,Between 2 and 3 hours,60,150,210
141,More than 3 hours,75,180,255
237,Between 1 and 2 hours,45,90,135
14634,Between 2 and 3 hours,90,150,240
15308,Between 2 and 3 hours,120,150,270
718,0 minutes,60,0,60
13836,Between 1 and 2 hours,60,90,150
2299,Between 1 and 2 hours,60,90,150
2320,0 minutes,15,0,15
2767,More than 3 hours,100,180,280
22048,Between 31 minutes and 1 hour,30,45,75
799,Between 31 minutes and 1 hour,80,45,125
17621,Between 2 and 3 hours,250,150,400
19278,Between 2 and 3 hours,20,150,170
11769,More than 3 hours,48,180,228
1551,Between 1 and 30 minutes,90,15,105
1186,Between 1 and 2 hours,75,90,165
2271,More than 3 hours,45,180,225
2457,Between 1 and 2 hours,60,90,150
1517,More than 3 hours,600,180,780
12952,Between 1 and 30 minutes,45,15,60
16328,Between 1 and 2 hours,45,90,135
11488,0 minutes,60,0,60
20338,Between 1 and 2 hours,300,90,390
1778,Between 31 minutes and 1 hour,30,45,75
11665,More than 3 hours,20,180,200
432,More than 3 hours,60,180,240
1282,More than 3 hours,100,180,280
1283,Between 2 and 3 hours,120,150,270
1700,More than 3 hours,90,180,270
912,Between 1 and 2 hours,45,90,135
875,Between 1 and 30 minutes,400,15,415
1836,0 minutes,120,0,120
16718,Between 2 and 3 hours,30,150,180
457,Between 1 and 2 hours,60,90,150
23768,Between 31 minutes and 1 hour,90,45,135
20706,Between 2 and 3 hours,30,150,180
19072,Between 1 and 30 minutes,360,15,375
23361,Between 1 and 30 minutes,20,15,35
18382,More than 3 hours,50,180,230
532,Between 1 and 2 hours,255,90,345
813,More than 3 hours,110,180,290
2058,More than 3 hours,20,180,200
2969,Between 2 and 3 hours,60,150,210
22955,More than 3 hours,240,180,420
21662,More than 3 hours,60,180,240
11353,Between 31 minutes and 1 hour,30,45,75
18667,Between 1 and 2 hours,100,90,190
1325,More than 3 hours,20,180,200
20103,Between 2 and 3 hours,90,150,240
1036,Between 1 and 2 hours,45,90,135
2716,Between 1 and 2 hours,120,90,210
2429,More than 3 hours,60,180,240
14088,Between 1 and 2 hours,75,90,165
3041,Between 1 and 2 hours,20,90,110
15238,Between 31 minutes and 1 hour,30,45,75
9796,Between 1 and 30 minutes,45,15,60
21075,Between 1 and 2 hours,120,90,210
16172,Between 1 and 2 hours,60,90,150
19245,Between 1 and 30 minutes,20,15,35
21256,Between 1 and 2 hours,250,90,340
2975,More than 3 hours,120,180,300
20680,More than 3 hours,500,180,680
2553,More than 3 hours,120,180,300
1349,More than 3 hours,120,180,300
23297,More than 3 hours,90,180,270
895,Between 1 and 30 minutes,120,15,135
19613,Between 2 and 3 hours,245,150,395
3025,Between 2 and 3 hours,30,150,180
14771,Between 31 minutes and 1 hour,30,45,75
1609,More than 3 hours,120,180,300
2789,Between 1 and 2 hours,25,90,115
2007,More than 3 hours,480,180,660
309,More than 3 hours,480,180,660
2970,Between 2 and 3 hours,55,150,205
2145,More than 3 hours,240,180,420
8,0 minutes,75,0,75
1065,Between 31 minutes and 1 hour,25,45,70
19353,0 minutes,300,0,300
1801,More than 3 hours,45,180,225
1496,Between 1 and 2 hours,45,90,135
462,Between 1 and 30 minutes,45,15,60
1695,Between 2 and 3 hours,60,150,210
1137,More than 3 hours,30,180,210
2540,Between 2 and 3 hours,90,150,240
506,0 minutes,30,0,30
12144,Between 31 minutes and 1 hour,200,45,245
829,Between 1 and 2 hours,120,90,210
2684,More than 3 hours,150,180,330
16766,Between 1 and 30 minutes,45,15,60
2468,More than 3 hours,30,180,210
14762,Between 1 and 30 minutes,60,15,75
2501,Between 1 and 2 hours,60,90,150
19123,Between 1 and 2 hours,120,90,210
11851,Between 1 and 30 minutes,60,15,75
18273,Between 1 and 30 minutes,0,15,15
1851,More than 3 hours,60,180,240
2121,More than 3 hours,60,180,240
290,Between 31 minutes and 1 hour,120,45,165
2372,More than 3 hours,75,180,255
2618,Between 31 minutes and 1 hour,240,45,285
12996,More than 3 hours,90,180,270
14143,Between 1 and 30 minutes,50,15,65
13532,Between 1 and 2 hours,180,90,270
10557,More than 3 hours,150,180,330
1806,Between 31 minutes and 1 hour,180,45,225
453,Between 1 and 2 hours,220,90,310
11216,Between 1 and 2 hours,60,90,150
314,Between 1 and 2 hours,180,90,270
1075,More than 3 hours,120,180,300
322,Between 1 and 2 hours,100,90,190
3123,Between 2 and 3 hours,150,150,300
373,More than 3 hours,480,180,660
11491,Between 1 and 2 hours,80,90,170
14791,Between 2 and 3 hours,120,150,270
14408,Between 2 and 3 hours,15,150,165
15113,Between 1 and 2 hours,60,90,150
3016,Between 31 minutes and 1 hour,60,45,105
18713,Between 31 minutes and 1 hour,30,45,75
23509,More than 3 hours,60,180,240
2366,Between 2 and 3 hours,480,150,630
24022,Between 2 and 3 hours,60,150,210
936,Between 31 minutes and 1 hour,45,45,90
18286,More than 3 hours,60,180,240
22999,Between 1 and 2 hours,120,90,210
1243,Between 1 and 2 hours,70,90,160
17503,Between 1 and 30 minutes,22,15,37
522,More than 3 hours,60,180,240
19649,Between 2 and 3 hours,50,150,200
1070,Between 1 and 2 hours,90,90,180
13223,Between 1 and 2 hours,180,90,270
2393,Between 1 and 2 hours,20,90,110
306,More than 3 hours,300,180,480
12614,More than 3 hours,40,180,220
12383,More than 3 hours,200,180,380
1520,Between 31 minutes and 1 hour,45,45,90
18958,Between 31 minutes and 1 hour,60,45,105
18035,More than 3 hours,180,180,360
260,Between 1 and 2 hours,180,90,270
2480,Between 1 and 2 hours,180,90,270
2475,More than 3 hours,150,180,330
1902,Between 1 and 2 hours,180,90,270
22923,Between 2 and 3 hours,180,150,330
17558,Between 1 and 2 hours,90,90,180
14849,Between 1 and 2 hours,45,90,135
2368,Between 31 minutes and 1 hour,30,45,75
1668,More than 3 hours,30,180,210
669,More than 3 hours,480,180,660
93,Between 1 and 2 hours,75,90,165
563,0 minutes,60,0,60
2281,0 minutes,145,0,145
2701,More than 3 hours,120,180,300
1182,Between 1 and 30 minutes,45,15,60
24080,Between 1 and 2 hours,75,90,165
22298,More than 3 hours,60,180,240
21578,Between 1 and 2 hours,15,90,105
22535,Between 1 and 2 hours,45,90,135
17447,Between 1 and 2 hours,90,90,180
327,Between 1 and 2 hours,120,90,210
17074,Between 1 and 2 hours,83,90,173
1489,Between 31 minutes and 1 hour,600,45,645
23657,More than 3 hours,360,180,540
809,More than 3 hours,45,180,225
14070,Between 2 and 3 hours,360,150,510
112,More than 3 hours,20,180,200
1320,Between 2 and 3 hours,120,150,270
2163,More than 3 hours,60,180,240
10361,Between 2 and 3 hours,75,150,225
23099,Between 1 and 2 hours,45,90,135
14479,Between 1 and 30 minutes,240,15,255
23456,Between 2 and 3 hours,30,150,180
13979,Between 2 and 3 hours,30,150,180
500,Between 1 and 2 hours,30,90,120
21811,Between 1 and 2 hours,90,90,180
78,More than 3 hours,120,180,300
12580,Between 1 and 30 minutes,75,15,90
1541,Between 31 minutes and 1 hour,75,45,120
335,More than 3 hours,120,180,300
12557,Between 2 and 3 hours,60,150,210
13671,Between 31 minutes and 1 hour,75,45,120
1560,More than 3 hours,30,180,210
21588,Between 2 and 3 hours,120,150,270
2488,Between 1 and 30 minutes,120,15,135
2838,Between 31 minutes and 1 hour,30,45,75
1980,Between 2 and 3 hours,60,150,210
1769,0 minutes,120,0,120
2339,Between 1 and 30 minutes,45,15,60
950,More than 3 hours,60,180,240
1713,More than 3 hours,180,180,360
19364,More than 3 hours,70,180,250
1582,Between 1 and 2 hours,60,90,150
113,Between 2 and 3 hours,45,150,195
2287,Between 2 and 3 hours,60,150,210
17590,Between 1 and 30 minutes,120,15,135
9665,Between 1 and 2 hours,90,90,180
15076,Between 31 minutes and 1 hour,120,45,165
2327,0 minutes,120,0,120
18172,Between 31 minutes and 1 hour,30,45,75
882,Between 1 and 30 minutes,25,15,40
1383,Between 1 and 30 minutes,20,15,35
2017,Between 2 and 3 hours,200,150,350
2950,Between 1 and 2 hours,20,90,110
2809,Between 2 and 3 hours,180,150,330
15768,Between 1 and 2 hours,60,90,150
9707,Between 2 and 3 hours,120,150,270
23855,Between 1 and 30 minutes,60,15,75
780,Between 1 and 2 hours,45,90,135
21613,Between 1 and 2 hours,180,90,270
22846,Between 1 and 30 minutes,15,15,30
2259,Between 2 and 3 hours,600,150,750
12613,Between 2 and 3 hours,120,150,270
19119,Between 1 and 2 hours,120,90,210
20051,More than 3 hours,120,180,300
2673,More than 3 hours,60,180,240
12157,More than 3 hours,120,180,300
15839,More than 3 hours,80,180,260
2077,Between 1 and 2 hours,20,90,110
16954,Between 2 and 3 hours,100,150,250
14358,More than 3 hours,30,180,210
21021,More than 3 hours,250,180,430
9958,More than 3 hours,120,180,300
10451,More than 3 hours,120,180,300
17409,More than 3 hours,30,180,210
1789,Between 1 and 2 hours,30,90,120
14321,Between 1 and 2 hours,120,90,210
1436,Between 31 minutes and 1 hour,45,45,90
22460,Between 31 minutes and 1 hour,30,45,75
19848,Between 2 and 3 hours,120,150,270
21882,More than 3 hours,240,180,420
839,Between 1 and 2 hours,120,90,210
21303,Between 1 and 2 hours,180,90,270
19709,More than 3 hours,60,180,240
1148,Between 1 and 30 minutes,60,15,75
20775,Between 1 and 2 hours,90,90,180
1757,Between 31 minutes and 1 hour,160,45,205
3090,More than 3 hours,60,180,240
2047,Between 31 minutes and 1 hour,20,45,65
23976,Between 1 and 2 hours,45,90,135
14626,0 minutes,30,0,30
1960,Between 31 minutes and 1 hour,60,45,105
14895,More than 3 hours,50,180,230
11196,More than 3 hours,90,180,270
11160,Between 1 and 30 minutes,60,15,75
2968,Between 1 and 30 minutes,120,15,135
2823,Between 2 and 3 hours,35,150,185
1956,Between 2 and 3 hours,20,150,170
1016,More than 3 hours,360,180,540
182,Between 1 and 30 minutes,81,15,96
22436,0 minutes,30,0,30
17072,Between 1 and 2 hours,25,90,115
21551,Between 31 minutes and 1 hour,90,45,135
660,Between 1 and 30 minutes,90,15,105
2874,Between 2 and 3 hours,240,150,390
15100,More than 3 hours,72,180,252
23935,Between 2 and 3 hours,180,150,330
11296,Between 1 and 30 minutes,180,15,195
20780,More than 3 hours,120,180,300
16162,Between 2 and 3 hours,60,150,210
20531,Between 1 and 2 hours,30,90,120
16644,Between 1 and 30 minutes,18,15,33
131,Between 1 and 2 hours,30,90,120
180,Between 2 and 3 hours,60,150,210
20807,More than 3 hours,75,180,255
22344,Between 31 minutes and 1 hour,35,45,80
326,Between 2 and 3 hours,60,150,210
1004,More than 3 hours,120,180,300
2653,Between 1 and 2 hours,90,90,180
2770,Between 1 and 30 minutes,100,15,115
15316,Between 2 and 3 hours,240,150,390
767,More than 3 hours,60,180,240
2741,Between 31 minutes and 1 hour,180,45,225
15912,Between 1 and 2 hours,30,90,120
929,Between 31 minutes and 1 hour,200,45,245
2177,Between 2 and 3 hours,60,150,210
2038,Between 1 and 2 hours,10,90,100
1567,More than 3 hours,60,180,240
2857,Between 1 and 2 hours,120,90,210
154,More than 3 hours,300,180,480
1730,More than 3 hours,30,180,210
24036,Between 2 and 3 hours,20,150,170
18359,More than 3 hours,360,180,540
9727,Between 1 and 2 hours,60,90,150
16247,0 minutes,60,0,60
12278,Between 2 and 3 hours,720,150,870
15393,Between 31 minutes and 1 hour,60,45,105
1403,Between 31 minutes and 1 hour,180,45,225
3040,More than 3 hours,45,180,225
20117,More than 3 hours,120,180,300
9580,More than 3 hours,30,180,210
1300,Between 31 minutes and 1 hour,60,45,105
1123,Between 1 and 2 hours,250,90,340
1636,Between 2 and 3 hours,90,150,240
2806,Between 1 and 2 hours,60,90,150
2059,Between 1 and 30 minutes,180,15,195
13410,Between 1 and 2 hours,360,90,450
16842,Between 2 and 3 hours,90,150,240
18830,Between 1 and 2 hours,60,90,150
14302,More than 3 hours,300,180,480
19286,Between 1 and 30 minutes,60,15,75
16656,Between 1 and 30 minutes,120,15,135
18270,More than 3 hours,60,180,240
21167,Between 31 minutes and 1 hour,35,45,80
11184,More than 3 hours,120,180,300
2133,Between 1 and 2 hours,120,90,210
14228,More than 3 hours,300,180,480
21279,More than 3 hours,60,180,240
11504,Between 2 and 3 hours,240,150,390
17924,Between 1 and 30 minutes,80,15,95
2160,Between 1 and 2 hours,45,90,135
10984,Between 2 and 3 hours,150,150,300
15972,More than 3 hours,60,180,240
21285,Between 1 and 2 hours,120,90,210
21826,More than 3 hours,120,180,300
873,Between 1 and 2 hours,60,90,150
18087,Between 2 and 3 hours,120,150,270
17121,Between 2 and 3 hours,180,150,330
10041,Between 1 and 30 minutes,65,15,80
23585,Between 1 and 30 minutes,60,15,75
2060,More than 3 hours,120,180,300
207,Between 1 and 2 hours,120,90,210
24023,More than 3 hours,300,180,480
2535,More than 3 hours,90,180,270
1656,Between 1 and 2 hours,60,90,150
20628,Between 2 and 3 hours,20,150,170
11563,Between 1 and 2 hours,200,90,290
2425,0 minutes,60,0,60
16479,Between 31 minutes and 1 hour,180,45,225
1067,Between 2 and 3 hours,60,150,210
945,More than 3 hours,180,180,360
1601,Between 2 and 3 hours,40,150,190
1453,Between 2 and 3 hours,40,150,190
658,Between 1 and 2 hours,180,90,270
13507,More than 3 hours,120,180,300
1951,Between 2 and 3 hours,40,150,190
22061,Between 31 minutes and 1 hour,60,45,105
19456,Between 2 and 3 hours,150,150,300
2110,Between 2 and 3 hours,120,150,270
410,More than 3 hours,30,180,210
19857,More than 3 hours,90,180,270
11537,Between 31 minutes and 1 hour,150,45,195
452,Between 1 and 2 hours,60,90,150
872,Between 1 and 2 hours,120,90,210
1986,Between 2 and 3 hours,90,150,240
17761,Between 2 and 3 hours,120,150,270
16006,Between 1 and 2 hours,140,90,230
2513,More than 3 hours,60,180,240
19451,More than 3 hours,500,180,680
18853,More than 3 hours,120,180,300
16510,Between 2 and 3 hours,120,150,270
1372,Between 1 and 30 minutes,60,15,75
16372,Between 2 and 3 hours,60,150,210
1461,Between 1 and 30 minutes,60,15,75
896,Between 1 and 2 hours,30,90,120
18854,Between 31 minutes and 1 hour,60,45,105
1497,More than 3 hours,120,180,300
909,Between 2 and 3 hours,75,150,225
12677,Between 1 and 2 hours,30,90,120
3010,Between 2 and 3 hours,60,150,210
2907,Between 2 and 3 hours,20,150,170
2901,Between 1 and 2 hours,45,90,135
23413,Between 31 minutes and 1 hour,88,45,133
20294,More than 3 hours,120,180,300
15073,0 minutes,120,0,120
484,More than 3 hours,20,180,200
901,More than 3 hours,60,180,240
20228,Between 1 and 2 hours,120,90,210
2758,Between 1 and 2 hours,60,90,150
16192,Between 31 minutes and 1 hour,240,45,285
19323,Between 1 and 2 hours,120,90,210
21484,Between 1 and 2 hours,120,90,210
2864,0 minutes,40,0,40
24084,Between 2 and 3 hours,60,150,210
1780,Between 1 and 2 hours,20,90,110
13997,More than 3 hours,120,180,300
2811,Between 2 and 3 hours,120,150,270
1221,Between 31 minutes and 1 hour,45,45,90
18917,More than 3 hours,40,180,220
1755,More than 3 hours,30,180,210
2414,Between 31 minutes and 1 hour,200,45,245
22104,Between 1 and 2 hours,100,90,190
109,Between 1 and 2 hours,40,90,130
3113,More than 3 hours,180,180,360
23755,Between 31 minutes and 1 hour,180,45,225
12787,More than 3 hours,30,180,210
19150,Between 1 and 2 hours,60,90,150
2422,Between 1 and 2 hours,80,90,170
11518,0 minutes,60,0,60
645,Between 1 and 2 hours,70,90,160
23409,Between 1 and 2 hours,55,90,145
19507,More than 3 hours,60,180,240
1642,Between 1 and 2 hours,60,90,150
2990,Between 1 and 2 hours,60,90,150
737,Between 1 and 30 minutes,90,15,105
13495,Between 31 minutes and 1 hour,60,45,105
650,More than 3 hours,60,180,240
2053,Between 31 minutes and 1 hour,20,45,65
12933,More than 3 hours,240,180,420
540,Between 31 minutes and 1 hour,100,45,145
21162,Between 1 and 30 minutes,45,15,60
2755,Between 2 and 3 hours,60,150,210
23208,Between 2 and 3 hours,240,150,390
10567,Between 2 and 3 hours,45,150,195
19534,Between 1 and 30 minutes,65,15,80
1550,Between 2 and 3 hours,150,150,300
14711,More than 3 hours,45,180,225
19675,Between 1 and 2 hours,120,90,210
20968,Between 2 and 3 hours,120,150,270
10313,Between 1 and 30 minutes,60,15,75
2678,Between 1 and 30 minutes,60,15,75
720,More than 3 hours,40,180,220
16567,0 minutes,80,0,80
10968,Between 1 and 2 hours,25,90,115
1401,Between 31 minutes and 1 hour,100,45,145
1080,Between 2 and 3 hours,90,150,240
191,More than 3 hours,60,180,240
1350,Between 1 and 2 hours,60,90,150
10720,More than 3 hours,30,180,210
564,Between 1 and 30 minutes,30,15,45
2596,Between 1 and 2 hours,180,90,270
2757,More than 3 hours,140,180,320
16648,Between 1 and 30 minutes,120,15,135
2153,Between 31 minutes and 1 hour,300,45,345
16349,Between 2 and 3 hours,60,150,210
14541,Between 1 and 30 minutes,60,15,75
1518,More than 3 hours,120,180,300
10206,Between 1 and 2 hours,175,90,265
1814,More than 3 hours,140,180,320
16350,More than 3 hours,60,180,240
20033,Between 1 and 2 hours,30,90,120
13317,Between 2 and 3 hours,120,150,270
1358,Between 1 and 30 minutes,45,15,60
23762,Between 31 minutes and 1 hour,60,45,105
1532,Between 2 and 3 hours,120,150,270
2484,Between 1 and 2 hours,30,90,120
24034,More than 3 hours,70,180,250
17561,More than 3 hours,45,180,225
2428,Between 1 and 30 minutes,120,15,135
21626,Between 1 and 30 minutes,40,15,55
19492,Between 1 and 2 hours,120,90,210
15148,Between 31 minutes and 1 hour,125,45,170
1158,Between 1 and 2 hours,150,90,240
18919,More than 3 hours,75,180,255
1663,Between 1 and 30 minutes,60,15,75
688,Between 2 and 3 hours,60,150,210
11970,More than 3 hours,30,180,210
12059,Between 31 minutes and 1 hour,240,45,285
2646,Between 2 and 3 hours,120,150,270
15716,Between 1 and 2 hours,75,90,165
21357,Between 1 and 2 hours,60,90,150
2642,More than 3 hours,60,180,240
14885,Between 2 and 3 hours,150,150,300
3089,Between 1 and 2 hours,230,90,320
10029,Between 1 and 30 minutes,300,15,315
21776,Between 1 and 30 minutes,120,15,135
22788,More than 3 hours,35,180,215
11909,Between 31 minutes and 1 hour,35,45,80
21843,Between 1 and 2 hours,60,90,150
11039,Between 2 and 3 hours,30,150,180
12131,Between 1 and 2 hours,30,90,120
9833,0 minutes,30,0,30
1576,Between 1 and 2 hours,60,90,150
11569,Between 1 and 2 hours,120,90,210
10821,Between 1 and 2 hours,45,90,135
11135,Between 2 and 3 hours,30,150,180
18233,Between 1 and 2 hours,30,90,120
23503,More than 3 hours,120,180,300
10166,More than 3 hours,550,180,730
11880,Between 1 and 30 minutes,180,15,195
1419,Between 1 and 2 hours,40,90,130
18427,Between 1 and 2 hours,30,90,120
2799,Between 1 and 30 minutes,39,15,54
17741,Between 1 and 2 hours,90,90,180
844,Between 1 and 2 hours,240,90,330
21400,More than 3 hours,100,180,280
1843,More than 3 hours,45,180,225
2313,More than 3 hours,60,180,240
22026,Between 31 minutes and 1 hour,540,45,585
17515,Between 2 and 3 hours,60,150,210
2294,Between 1 and 2 hours,20,90,110
22695,Between 1 and 2 hours,90,90,180
11770,Between 1 and 2 hours,120,90,210
136,Between 2 and 3 hours,15,150,165
2704,Between 2 and 3 hours,60,150,210
16051,Between 1 and 30 minutes,25,15,40
1811,Between 1 and 30 minutes,25,15,40
10004,More than 3 hours,45,180,225
20510,Between 2 and 3 hours,80,150,230
13411,Between 1 and 2 hours,30,90,120
548,More than 3 hours,120,180,300
2631,More than 3 hours,90,180,270
1910,More than 3 hours,260,180,440
2525,More than 3 hours,45,180,225
14527,Between 31 minutes and 1 hour,60,45,105
14398,Between 1 and 2 hours,45,90,135
13709,Between 1 and 2 hours,30,90,120
23838,Between 2 and 3 hours,60,150,210
1937,Between 1 and 2 hours,75,90,165
15646,Between 1 and 30 minutes,90,15,105
1907,More than 3 hours,60,180,240
2854,More than 3 hours,180,180,360
11073,Between 1 and 2 hours,60,90,150
2800,Between 1 and 2 hours,20,90,110
1635,More than 3 hours,60,180,240
219,Between 1 and 2 hours,240,90,330
16711,More than 3 hours,120,180,300
13546,More than 3 hours,20,180,200
2205,More than 3 hours,500,180,680
10352,Between 2 and 3 hours,64,150,214
15604,Between 31 minutes and 1 hour,80,45,125
11115,0 minutes,20,0,20
10090,Between 1 and 2 hours,75,90,165
18112,Between 1 and 30 minutes,180,15,195
23739,More than 3 hours,45,180,225
23955,0 minutes,45,0,45
1873,More than 3 hours,30,180,210
18780,Between 1 and 30 minutes,60,15,75
10008,Between 1 and 30 minutes,30,15,45
1760,Between 2 and 3 hours,30,150,180
21108,Between 31 minutes and 1 hour,200,45,245
913,Between 1 and 30 minutes,40,15,55
3086,Between 2 and 3 hours,34,150,184
2023,More than 3 hours,25,180,205
14776,Between 1 and 2 hours,60,90,150
19074,More than 3 hours,180,180,360
1424,More than 3 hours,120,180,300
941,Between 2 and 3 hours,120,150,270
24187,More than 3 hours,60,180,240
177,Between 31 minutes and 1 hour,120,45,165
15499,Between 1 and 2 hours,175,90,265
2651,Between 1 and 2 hours,90,90,180
1658,More than 3 hours,75,180,255
613,Between 31 minutes and 1 hour,90,45,135
1473,Between 1 and 2 hours,30,90,120
777,More than 3 hours,45,180,225
2548,Between 1 and 2 hours,45,90,135
2183,More than 3 hours,200,180,380
1066,Between 1 and 2 hours,45,90,135
232,0 minutes,30,0,30
1081,More than 3 hours,120,180,300
10767,Between 1 and 30 minutes,30,15,45
680,More than 3 hours,60,180,240
23030,More than 3 hours,120,180,300
3019,More than 3 hours,30,180,210
296,Between 31 minutes and 1 hour,45,45,90
21801,Between 1 and 2 hours,30,90,120
18646,More than 3 hours,30,180,210
24231,More than 3 hours,60,180,240
17390,Between 1 and 30 minutes,40,15,55
328,More than 3 hours,60,180,240
12483,Between 2 and 3 hours,30,150,180
763,Between 1 and 2 hours,45,90,135
2245,More than 3 hours,90,180,270
1339,More than 3 hours,45,180,225
2485,Between 1 and 2 hours,30,90,120
17574,Between 1 and 30 minutes,35,15,50
865,Between 2 and 3 hours,60,150,210
1149,Between 2 and 3 hours,100,150,250
21949,Between 31 minutes and 1 hour,45,45,90
23834,More than 3 hours,45,180,225
17478,Between 31 minutes and 1 hour,60,45,105
17599,More than 3 hours,30,180,210
3129,More than 3 hours,400,180,580
2815,Between 1 and 30 minutes,60,15,75
10530,Between 2 and 3 hours,60,150,210
1273,More than 3 hours,30,180,210
939,Between 1 and 2 hours,50,90,140
2243,Between 1 and 2 hours,20,90,110
2764,More than 3 hours,180,180,360
15166,More than 3 hours,240,180,420
972,Between 1 and 2 hours,45,90,135
2068,Between 1 and 30 minutes,90,15,105
74,More than 3 hours,500,180,680
2503,Between 2 and 3 hours,120,150,270
11217,More than 3 hours,20,180,200
10867,Between 1 and 2 hours,65,90,155
17348,Between 1 and 30 minutes,80,15,95
11513,Between 31 minutes and 1 hour,120,45,165
17058,Between 2 and 3 hours,60,150,210
2751,0 minutes,200,0,200
2928,Between 2 and 3 hours,60,150,210
23384,Between 2 and 3 hours,47,150,197
612,Between 1 and 2 hours,80,90,170
906,Between 2 and 3 hours,25,150,175
19048,Between 2 and 3 hours,60,150,210
12124,Between 31 minutes and 1 hour,350,45,395
23092,Between 1 and 2 hours,240,90,330
21852,More than 3 hours,30,180,210
988,Between 1 and 2 hours,120,90,210
19065,Between 1 and 2 hours,90,90,180
786,More than 3 hours,60,180,240
711,Between 2 and 3 hours,60,150,210
11354,Between 1 and 30 minutes,240,15,255
19493,More than 3 hours,30,180,210
16560,More than 3 hours,30,180,210
240,Between 2 and 3 hours,180,150,330
604,More than 3 hours,120,180,300
19,Between 1 and 30 minutes,45,15,60
11567,More than 3 hours,60,180,240
94,Between 1 and 2 hours,60,90,150
19069,Between 31 minutes and 1 hour,30,45,75
3076,More than 3 hours,180,180,360
2889,Between 1 and 2 hours,60,90,150
2847,Between 2 and 3 hours,30,150,180
2463,Between 1 and 2 hours,90,90,180
10538,Between 31 minutes and 1 hour,120,45,165
2016,Between 31 minutes and 1 hour,240,45,285
11421,Between 1 and 2 hours,200,90,290
13733,Between 1 and 2 hours,30,90,120
520,Between 1 and 2 hours,30,90,120
20547,Between 2 and 3 hours,100,150,250
1634,Between 1 and 30 minutes,60,15,75
16277,Between 2 and 3 hours,45,150,195
12,Between 31 minutes and 1 hour,90,45,135
2427,More than 3 hours,120,180,300
15146,Between 31 minutes and 1 hour,30,45,75
14800,Between 31 minutes and 1 hour,180,45,225
956,More than 3 hours,55,180,235
15905,Between 1 and 2 hours,30,90,120
14,0 minutes,300,0,300
1595,Between 1 and 30 minutes,360,15,375
966,More than 3 hours,160,180,340
2649,Between 31 minutes and 1 hour,20,45,65
2994,Between 1 and 30 minutes,80,15,95
17076,Between 2 and 3 hours,120,150,270
854,Between 31 minutes and 1 hour,90,45,135
1749,More than 3 hours,60,180,240
2123,Between 2 and 3 hours,180,150,330
179,More than 3 hours,40,180,220
526,Between 1 and 30 minutes,45,15,60
3108,More than 3 hours,20,180,200
1118,Between 2 and 3 hours,75,150,225
206,Between 2 and 3 hours,90,150,240
10769,Between 1 and 30 minutes,30,15,45
86,More than 3 hours,130,180,310
16280,More than 3 hours,60,180,240
2162,Between 1 and 2 hours,200,90,290
934,Between 31 minutes and 1 hour,240,45,285
21862,More than 3 hours,300,180,480
2960,Between 2 and 3 hours,100,150,250
2612,More than 3 hours,60,180,240
1897,Between 1 and 30 minutes,60,15,75
13799,Between 1 and 2 hours,60,90,150
2978,Between 1 and 2 hours,300,90,390
17308,Between 1 and 2 hours,180,90,270
19509,Between 1 and 2 hours,45,90,135
1675,More than 3 hours,60,180,240
2897,More than 3 hours,45,180,225
23233,Between 1 and 2 hours,180,90,270
21349,Between 1 and 30 minutes,100,15,115
23122,More than 3 hours,160,180,340
2222,More than 3 hours,240,180,420
10116,More than 3 hours,120,180,300
17476,Between 1 and 30 minutes,120,15,135
1176,More than 3 hours,70,180,250
13008,Between 1 and 2 hours,45,90,135
1941,Between 2 and 3 hours,30,150,180
14252,Between 2 and 3 hours,90,150,240
2298,Between 2 and 3 hours,180,150,330
1411,0 minutes,60,0,60
2224,Between 1 and 2 hours,35,90,125
16873,Between 2 and 3 hours,75,150,225
12389,Between 2 and 3 hours,45,150,195
2190,Between 1 and 2 hours,120,90,210
1682,Between 2 and 3 hours,45,150,195
2379,Between 31 minutes and 1 hour,180,45,225
10442,More than 3 hours,45,180,225
10846,More than 3 hours,120,180,300
23347,Between 1 and 2 hours,75,90,165
2529,Between 2 and 3 hours,300,150,450
20052,More than 3 hours,30,180,210
16936,Between 1 and 2 hours,240,90,330
15869,More than 3 hours,500,180,680
1500,Between 1 and 30 minutes,5,15,20
13146,More than 3 hours,60,180,240
1485,0 minutes,60,0,60
20362,Between 2 and 3 hours,180,150,330
1433,Between 2 and 3 hours,60,150,210
1588,More than 3 hours,90,180,270
1279,Between 1 and 2 hours,180,90,270
11630,More than 3 hours,240,180,420
244,More than 3 hours,180,180,360
1934,Between 1 and 30 minutes,30,15,45
10966,More than 3 hours,240,180,420
22792,0 minutes,180,0,180
1021,More than 3 hours,600,180,780
11455,Between 2 and 3 hours,45,150,195
17305,More than 3 hours,120,180,300
1146,More than 3 hours,60,180,240
21320,Between 1 and 2 hours,60,90,150
18081,More than 3 hours,30,180,210
11707,Between 31 minutes and 1 hour,60,45,105
951,Between 1 and 2 hours,60,90,150
389,More than 3 hours,200,180,380
1253,More than 3 hours,200,180,380
1966,Between 1 and 2 hours,120,90,210
1373,More than 3 hours,20,180,200
2479,Between 31 minutes and 1 hour,300,45,345
23071,Between 2 and 3 hours,80,150,230
20047,Between 31 minutes and 1 hour,30,45,75
15059,Between 1 and 2 hours,45,90,135
1544,Between 1 and 2 hours,120,90,210
13691,Between 1 and 2 hours,120,90,210
1463,More than 3 hours,120,180,300
2342,More than 3 hours,75,180,255
14338,Between 1 and 2 hours,30,90,120
17787,More than 3 hours,240,180,420
2778,Between 31 minutes and 1 hour,90,45,135
1589,Between 1 and 30 minutes,120,15,135
18071,Between 31 minutes and 1 hour,30,45,75
1414,Between 2 and 3 hours,90,150,240
601,More than 3 hours,150,180,330
18094,Between 2 and 3 hours,60,150,210
1191,More than 3 hours,60,180,240
2257,More than 3 hours,60,180,240
20936,More than 3 hours,90,180,270
21842,Between 1 and 2 hours,60,90,150
2710,Between 2 and 3 hours,60,150,210
1917,Between 1 and 30 minutes,120,15,135
811,0 minutes,120,0,120
2796,Between 31 minutes and 1 hour,60,45,105
190,Between 2 and 3 hours,60,150,210
2108,More than 3 hours,120,180,300
12103,Between 1 and 30 minutes,45,15,60
17471,More than 3 hours,60,180,240
11802,More than 3 hours,240,180,420
1170,Between 1 and 2 hours,270,90,360
11887,0 minutes,60,0,60
2106,Between 31 minutes and 1 hour,60,45,105
22417,Between 2 and 3 hours,20,150,170
20446,Between 1 and 30 minutes,60,15,75
1106,Between 31 minutes and 1 hour,60,45,105
1189,Between 2 and 3 hours,20,150,170
18721,Between 1 and 30 minutes,45,15,60
338,Between 31 minutes and 1 hour,240,45,285
15142,Between 31 minutes and 1 hour,60,45,105
2868,Between 2 and 3 hours,240,150,390
1009,Between 2 and 3 hours,120,150,270
108,More than 3 hours,60,180,240
16518,Between 1 and 2 hours,120,90,210
15504,More than 3 hours,60,180,240
630,Between 31 minutes and 1 hour,60,45,105
17112,More than 3 hours,240,180,420
19881,Between 2 and 3 hours,200,150,350
23074,Between 2 and 3 hours,60,150,210
24100,Between 1 and 30 minutes,60,15,75
14892,Between 1 and 30 minutes,20,15,35
15301,Between 1 and 2 hours,45,90,135
17620,Between 1 and 2 hours,60,90,150
2733,Between 1 and 2 hours,60,90,150
657,Between 31 minutes and 1 hour,45,45,90
21695,More than 3 hours,480,180,660
15751,More than 3 hours,60,180,240
17872,Between 31 minutes and 1 hour,30,45,75
21880,Between 1 and 2 hours,300,90,390
22199,Between 1 and 30 minutes,240,15,255
21078,Between 1 and 30 minutes,40,15,55
1521,Between 1 and 2 hours,175,90,265
9887,More than 3 hours,240,180,420
15933,More than 3 hours,180,180,360
2902,More than 3 hours,250,180,430
1756,Between 1 and 2 hours,200,90,290
15362,More than 3 hours,45,180,225
217,Between 31 minutes and 1 hour,30,45,75
20317,More than 3 hours,45,180,225
20356,Between 31 minutes and 1 hour,90,45,135
2551,Between 2 and 3 hours,60,150,210
19318,Between 1 and 30 minutes,45,15,60
21723,Between 1 and 2 hours,120,90,210
2179,Between 2 and 3 hours,120,150,270
1026,Between 2 and 3 hours,20,150,170
1161,More than 3 hours,100,180,280
13396,Between 1 and 2 hours,120,90,210
431,Between 2 and 3 hours,45,150,195
1140,Between 31 minutes and 1 hour,180,45,225
11760,Between 2 and 3 hours,30,150,180
13377,More than 3 hours,30,180,210
9545,Between 1 and 2 hours,60,90,150
199,Between 1 and 2 hours,120,90,210
10756,Between 2 and 3 hours,45,150,195
10674,Between 2 and 3 hours,90,150,240
17900,More than 3 hours,90,180,270
21220,More than 3 hours,20,180,200
19715,Between 1 and 2 hours,90,90,180
1239,Between 1 and 2 hours,60,90,150
14209,Between 1 and 30 minutes,30,15,45
17928,More than 3 hours,120,180,300
20239,Between 1 and 30 minutes,30,15,45
11042,Between 1 and 2 hours,30,90,120
11579,More than 3 hours,40,180,220
12346,More than 3 hours,240,180,420
11397,More than 3 hours,60,180,240
15831,Between 1 and 2 hours,90,90,180
857,Between 2 and 3 hours,90,150,240
12353,More than 3 hours,180,180,360
761,Between 1 and 2 hours,45,90,135
9534,Between 1 and 2 hours,180,90,270
2174,Between 31 minutes and 1 hour,30,45,75
867,Between 1 and 30 minutes,60,15,75
20141,Between 31 minutes and 1 hour,60,45,105
14003,Between 1 and 2 hours,90,90,180
2361,Between 1 and 2 hours,70,90,160
1117,Between 1 and 30 minutes,30,15,45
1964,More than 3 hours,30,180,210
13894,Between 31 minutes and 1 hour,45,45,90
18253,Between 2 and 3 hours,20,150,170
22546,0 minutes,120,0,120
2367,Between 1 and 2 hours,90,90,180
15814,Between 1 and 2 hours,30,90,120
9916,More than 3 hours,15,180,195
2383,Between 2 and 3 hours,60,150,210
18693,Between 1 and 2 hours,60,90,150
14706,Between 2 and 3 hours,400,150,550
210,More than 3 hours,60,180,240
11949,Between 1 and 30 minutes,300,15,315
18540,Between 2 and 3 hours,120,150,270
23285,Between 1 and 2 hours,45,90,135
20918,More than 3 hours,120,180,300
1051,Between 1 and 30 minutes,120,15,135
15401,More than 3 hours,300,180,480
16939,More than 3 hours,60,180,240
1539,Between 1 and 2 hours,90,90,180
999,Between 1 and 2 hours,120,90,210
15567,More than 3 hours,45,180,225
16104,More than 3 hours,60,180,240
23278,Between 31 minutes and 1 hour,25,45,70
2092,More than 3 hours,120,180,300
1374,Between 2 and 3 hours,60,150,210
21624,Between 2 and 3 hours,100,150,250
19640,Between 1 and 2 hours,45,90,135
22328,Between 2 and 3 hours,45,150,195
15136,Between 1 and 2 hours,120,90,210
16475,Between 1 and 2 hours,70,90,160
19114,Between 1 and 2 hours,45,90,135
13441,Between 1 and 2 hours,45,90,135
448,More than 3 hours,90,180,270
16972,Between 31 minutes and 1 hour,45,45,90
1105,Between 2 and 3 hours,45,150,195
17078,Between 2 and 3 hours,60,150,210
397,Between 31 minutes and 1 hour,60,45,105
639,Between 2 and 3 hours,60,150,210
2498,Between 31 minutes and 1 hour,60,45,105
2048,More than 3 hours,120,180,300
22207,Between 31 minutes and 1 hour,60,45,105
16647,Between 1 and 2 hours,120,90,210
24002,Between 31 minutes and 1 hour,45,45,90
16352,Between 2 and 3 hours,100,150,250
20174,More than 3 hours,480,180,660
10085,More than 3 hours,45,180,225
17843,Between 1 and 2 hours,300,90,390
10734,Between 2 and 3 hours,560,150,710
16523,Between 1 and 2 hours,120,90,210
1984,Between 31 minutes and 1 hour,130,45,175
21734,More than 3 hours,20,180,200
19510,More than 3 hours,240,180,420
18570,More than 3 hours,120,180,300
2283,Between 2 and 3 hours,0,150,150
2282,Between 1 and 30 minutes,35,15,50
15765,Between 2 and 3 hours,75,150,225
2777,Between 31 minutes and 1 hour,45,45,90
2922,Between 2 and 3 hours,200,150,350
18274,0 minutes,90,0,90
19586,Between 31 minutes and 1 hour,15,45,60
13878,More than 3 hours,60,180,240
11877,More than 3 hours,180,180,360
14123,More than 3 hours,120,180,300
15145,Between 1 and 30 minutes,60,15,75
19582,More than 3 hours,90,180,270
10300,Between 2 and 3 hours,30,150,180
24319,Between 31 minutes and 1 hour,60,45,105
778,Between 2 and 3 hours,240,150,390
12123,Between 31 minutes and 1 hour,120,45,165
23006,0 minutes,60,0,60
1733,More than 3 hours,45,180,225
142,Between 1 and 2 hours,25,90,115
411,Between 1 and 2 hours,15,90,105
1878,More than 3 hours,280,180,460
18500,Between 31 minutes and 1 hour,10,45,55
22587,Between 2 and 3 hours,120,150,270
2326,More than 3 hours,30,180,210
15830,Between 31 minutes and 1 hour,120,45,165
1152,Between 1 and 2 hours,30,90,120
20644,More than 3 hours,120,180,300
981,0 minutes,90,0,90
11618,Between 2 and 3 hours,240,150,390
640,Between 2 and 3 hours,120,150,270
10810,Between 2 and 3 hours,60,150,210
1580,Between 1 and 2 hours,45,90,135
1271,Between 2 and 3 hours,60,150,210
393,More than 3 hours,60,180,240
22736,Between 31 minutes and 1 hour,45,45,90
1201,Between 2 and 3 hours,30,150,180
22687,Between 2 and 3 hours,300,150,450
3057,Between 2 and 3 hours,45,150,195
23611,Between 31 minutes and 1 hour,35,45,80
14671,Between 2 and 3 hours,45,150,195
15770,More than 3 hours,120,180,300
2419,More than 3 hours,300,180,480
1446,Between 2 and 3 hours,500,150,650
1735,More than 3 hours,30,180,210
1037,Between 1 and 30 minutes,60,15,75
1054,Between 1 and 30 minutes,20,15,35
15107,Between 2 and 3 hours,300,150,450
13286,Between 1 and 30 minutes,30,15,45
24061,More than 3 hours,300,180,480
21590,More than 3 hours,300,180,480
17633,More than 3 hours,300,180,480
20634,0 minutes,30,0,30
19317,More than 3 hours,300,180,480
22523,Between 1 and 2 hours,120,90,210
1236,Between 1 and 30 minutes,30,15,45
2836,Between 31 minutes and 1 hour,60,45,105
23974,More than 3 hours,90,180,270
790,Between 1 and 2 hours,30,90,120
23450,Between 2 and 3 hours,20,150,170
12188,Between 31 minutes and 1 hour,90,45,135
23342,Between 2 and 3 hours,300,150,450
17304,Between 1 and 2 hours,45,90,135
21245,More than 3 hours,95,180,275
13796,Between 31 minutes and 1 hour,240,45,285
13028,Between 1 and 2 hours,300,90,390
702,Between 2 and 3 hours,10,150,160
20726,More than 3 hours,20,180,200
400,Between 1 and 2 hours,30,90,120
1404,More than 3 hours,120,180,300
2972,Between 31 minutes and 1 hour,100,45,145
2303,Between 31 minutes and 1 hour,45,45,90
20970,Between 1 and 2 hours,15,90,105
20492,Between 2 and 3 hours,120,150,270
213,More than 3 hours,75,180,255
14110,More than 3 hours,60,180,240
16879,More than 3 hours,900,180,1080
15636,Between 2 and 3 hours,20,150,170
733,More than 3 hours,30,180,210
2795,Between 31 minutes and 1 hour,60,45,105
15165,Between 2 and 3 hours,180,150,330
23181,Between 31 minutes and 1 hour,40,45,85
21543,More than 3 hours,940,180,1120
2026,More than 3 hours,90,180,270
2039,Between 1 and 2 hours,120,90,210
823,Between 1 and 2 hours,120,90,210
17184,Between 1 and 2 hours,25,90,115
15825,More than 3 hours,45,180,225
22785,Between 2 and 3 hours,75,150,225
22595,Between 2 and 3 hours,30,150,180
1322,Between 31 minutes and 1 hour,90,45,135
1911,Between 1 and 30 minutes,60,15,75
11273,Between 31 minutes and 1 hour,30,45,75
15725,Between 2 and 3 hours,240,150,390
2304,Between 1 and 2 hours,45,90,135
1781,Between 1 and 2 hours,40,90,130
751,Between 1 and 2 hours,60,90,150
14969,Between 31 minutes and 1 hour,45,45,90
18972,Between 1 and 2 hours,40,90,130
22594,Between 31 minutes and 1 hour,40,45,85
1017,More than 3 hours,120,180,300
745,More than 3 hours,85,180,265
293,Between 31 minutes and 1 hour,34,45,79
18532,More than 3 hours,180,180,360
3099,Between 2 and 3 hours,30,150,180
2883,Between 1 and 2 hours,300,90,390
870,Between 1 and 30 minutes,5,15,20
236,Between 1 and 2 hours,240,90,330
3111,More than 3 hours,600,180,780
1547,Between 1 and 2 hours,120,90,210
15615,Between 1 and 2 hours,60,90,150
16403,Between 2 and 3 hours,30,150,180
21804,Between 2 and 3 hours,60,150,210
21896,More than 3 hours,300,180,480
13854,0 minutes,45,0,45
346,More than 3 hours,500,180,680
11965,Between 1 and 2 hours,40,90,130
276,Between 1 and 30 minutes,420,15,435
23337,Between 31 minutes and 1 hour,40,45,85
16886,Between 31 minutes and 1 hour,360,45,405
10746,Between 31 minutes and 1 hour,75,45,120
964,Between 2 and 3 hours,120,150,270
9678,Between 1 and 2 hours,20,90,110
189,Between 1 and 2 hours,100,90,190
385,Between 1 and 2 hours,60,90,150
1352,Between 2 and 3 hours,40,150,190
10465,Between 1 and 2 hours,48,90,138
17505,More than 3 hours,100,180,280
18168,Between 31 minutes and 1 hour,25,45,70
17992,More than 3 hours,90,180,270
662,Between 1 and 30 minutes,30,15,45
1218,Between 1 and 2 hours,30,90,120
708,More than 3 hours,25,180,205
2127,Between 31 minutes and 1 hour,400,45,445
747,Between 2 and 3 hours,75,150,225
2724,Between 1 and 30 minutes,60,15,75
18192,Between 31 minutes and 1 hour,20,45,65
1389,Between 2 and 3 hours,90,150,240
1798,Between 1 and 2 hours,75,90,165
13580,More than 3 hours,160,180,340
2444,More than 3 hours,240,180,420
2929,Between 1 and 2 hours,15,90,105
643,Between 1 and 2 hours,30,90,120
13302,Between 1 and 2 hours,90,90,180
13760,Between 2 and 3 hours,80,150,230
76,More than 3 hours,120,180,300
1113,More than 3 hours,240,180,420
23825,Between 2 and 3 hours,125,150,275
10900,Between 2 and 3 hours,180,150,330
2352,Between 2 and 3 hours,90,150,240
1486,Between 1 and 2 hours,30,90,120
15797,More than 3 hours,85,180,265
372,Between 1 and 2 hours,200,90,290
315,Between 31 minutes and 1 hour,120,45,165
10583,More than 3 hours,150,180,330
19066,Between 1 and 2 hours,70,90,160
2916,Between 31 minutes and 1 hour,60,45,105
1469,Between 1 and 2 hours,80,90,170
1879,Between 31 minutes and 1 hour,90,45,135
24120,More than 3 hours,60,180,240
21535,Between 2 and 3 hours,45,150,195
17669,Between 1 and 2 hours,180,90,270
14660,Between 1 and 2 hours,75,90,165
15096,More than 3 hours,120,180,300
11698,Between 2 and 3 hours,90,150,240
1408,Between 2 and 3 hours,90,150,240
23741,Between 2 and 3 hours,90,150,240
1625,Between 31 minutes and 1 hour,120,45,165
2112,Between 2 and 3 hours,285,150,435
17545,More than 3 hours,40,180,220
2455,Between 2 and 3 hours,90,150,240
23167,More than 3 hours,30,180,210
18109,Between 1 and 2 hours,60,90,150
23923,Between 31 minutes and 1 hour,30,45,75
123,Between 2 and 3 hours,100,150,250
991,Between 31 minutes and 1 hour,200,45,245
23422,Between 2 and 3 hours,65,150,215
12941,More than 3 hours,20,180,200
1845,Between 31 minutes and 1 hour,20,45,65
356,More than 3 hours,400,180,580
13790,Between 31 minutes and 1 hour,400,45,445
1612,More than 3 hours,90,180,270
19086,Between 2 and 3 hours,120,150,270
367,Between 2 and 3 hours,30,150,180
11438,More than 3 hours,30,180,210
1803,Between 2 and 3 hours,60,150,210
12449,Between 31 minutes and 1 hour,240,45,285
2682,Between 1 and 2 hours,30,90,120
16666,Between 1 and 30 minutes,15,15,30
11784,Between 1 and 2 hours,60,90,150
14111,Between 1 and 2 hours,74,90,164
23767,Between 1 and 2 hours,30,90,120
1376,Between 1 and 2 hours,60,90,150
1206,Between 2 and 3 hours,120,150,270
20870,Between 1 and 2 hours,180,90,270
17313,More than 3 hours,150,180,330
21150,Between 1 and 2 hours,60,90,150
2201,More than 3 hours,20,180,200
2659,Between 2 and 3 hours,60,150,210
337,More than 3 hours,200,180,380
2688,More than 3 hours,120,180,300
15618,More than 3 hours,60,180,240
2892,Between 1 and 2 hours,600,90,690
365,0 minutes,45,0,45
16598,Between 2 and 3 hours,30,150,180
10118,Between 1 and 2 hours,38,90,128
1979,Between 31 minutes and 1 hour,30,45,75
12403,Between 31 minutes and 1 hour,30,45,75
12616,Between 1 and 30 minutes,120,15,135
17952,More than 3 hours,30,180,210
216,More than 3 hours,60,180,240
19192,Between 1 and 30 minutes,30,15,45
18591,More than 3 hours,90,180,270
13779,More than 3 hours,45,180,225
22127,Between 1 and 30 minutes,80,15,95
22573,Between 1 and 2 hours,100,90,190
2828,More than 3 hours,20,180,200
663,More than 3 hours,120,180,300
1437,More than 3 hours,45,180,225
20284,More than 3 hours,70,180,250
12895,Between 1 and 30 minutes,90,15,105
10060,Between 31 minutes and 1 hour,35,45,80
16160,Between 2 and 3 hours,50,150,200
22412,Between 1 and 2 hours,30,90,120
1711,0 minutes,180,0,180
12980,0 minutes,15,0,15
10693,Between 2 and 3 hours,20,150,170
9687,Between 1 and 30 minutes,30,15,45
20389,0 minutes,120,0,120
1023,More than 3 hours,90,180,270
20620,Between 1 and 2 hours,300,90,390
18894,Between 1 and 30 minutes,180,15,195
173,Between 1 and 30 minutes,240,15,255
1594,Between 1 and 2 hours,40,90,130
2406,More than 3 hours,120,180,300
23877,More than 3 hours,120,180,300
648,Between 2 and 3 hours,180,150,330
21326,Between 2 and 3 hours,90,150,240
1125,Between 1 and 30 minutes,90,15,105
10493,Between 1 and 2 hours,60,90,150
985,Between 2 and 3 hours,120,150,270
15306,Between 2 and 3 hours,120,150,270
23276,Between 1 and 30 minutes,60,15,75
17532,Between 2 and 3 hours,120,150,270
1102,Between 2 and 3 hours,60,150,210
204,More than 3 hours,45,180,225
11996,More than 3 hours,60,180,240
1989,More than 3 hours,45,180,225
2613,More than 3 hours,400,180,580
2550,More than 3 hours,90,180,270
20169,Between 1 and 2 hours,200,90,290
13602,More than 3 hours,30,180,210
23592,Between 31 minutes and 1 hour,60,45,105
9713,More than 3 hours,180,180,360
2965,Between 31 minutes and 1 hour,90,45,135
17635,Between 31 minutes and 1 hour,60,45,105
2437,Between 31 minutes and 1 hour,150,45,195
9849,Between 2 and 3 hours,300,150,450
1318,Between 1 and 2 hours,120,90,210
21770,Between 2 and 3 hours,20,150,170
2734,Between 31 minutes and 1 hour,60,45,105
13338,Between 2 and 3 hours,30,150,180
23521,More than 3 hours,90,180,270
14795,Between 31 minutes and 1 hour,120,45,165
2415,Between 1 and 2 hours,56,90,146
398,More than 3 hours,500,180,680
11559,More than 3 hours,400,180,580
54,Between 1 and 2 hours,200,90,290
19125,Between 1 and 2 hours,90,90,180
14605,Between 1 and 2 hours,100,90,190
2135,Between 1 and 2 hours,180,90,270
10725,Between 1 and 2 hours,120,90,210
19083,Between 31 minutes and 1 hour,50,45,95
11506,More than 3 hours,30,180,210
15883,Between 1 and 2 hours,200,90,290
2027,More than 3 hours,240,180,420
18737,Between 2 and 3 hours,180,150,330
11676,More than 3 hours,45,180,225
1010,Between 1 and 30 minutes,120,15,135
14951,0 minutes,40,0,40
22220,Between 31 minutes and 1 hour,120,45,165
1604,Between 2 and 3 hours,45,150,195
10023,More than 3 hours,310,180,490
16735,More than 3 hours,120,180,300
20707,Between 1 and 2 hours,60,90,150
590,Between 2 and 3 hours,100,150,250
13118,More than 3 hours,210,180,390
203,More than 3 hours,60,180,240
2246,More than 3 hours,45,180,225
1718,Between 1 and 2 hours,120,90,210
11212,Between 1 and 2 hours,30,90,120
13373,Between 1 and 2 hours,240,90,330
18366,Between 1 and 30 minutes,75,15,90
20810,More than 3 hours,90,180,270
15080,0 minutes,120,0,120
19740,Between 2 and 3 hours,400,150,550
11635,Between 31 minutes and 1 hour,300,45,345
18247,Between 1 and 2 hours,120,90,210
14316,More than 3 hours,60,180,240
17811,More than 3 hours,60,180,240
17711,More than 3 hours,120,180,300
20478,Between 1 and 30 minutes,60,15,75
14072,More than 3 hours,100,180,280
886,More than 3 hours,240,180,420
16696,More than 3 hours,120,180,300
1900,Between 2 and 3 hours,60,150,210
15578,Between 31 minutes and 1 hour,1,45,46
19076,More than 3 hours,30,180,210
1049,Between 31 minutes and 1 hour,60,45,105
17571,Between 1 and 2 hours,60,90,150
2046,Between 1 and 2 hours,45,90,135
3060,Between 1 and 2 hours,180,90,270
14244,Between 2 and 3 hours,60,150,210
19964,Between 31 minutes and 1 hour,180,45,225
3034,Between 1 and 30 minutes,120,15,135
19014,Between 2 and 3 hours,35,150,185
24163,Between 1 and 30 minutes,120,15,135
23875,Between 31 minutes and 1 hour,250,45,295
1200,Between 1 and 2 hours,40,90,130
21107,Between 1 and 2 hours,100,90,190
16684,Between 1 and 2 hours,60,90,150
20745,Between 1 and 2 hours,200,90,290
14642,Between 1 and 2 hours,30,90,120
21339,0 minutes,60,0,60
12759,More than 3 hours,180,180,360
14457,Between 2 and 3 hours,50,150,200
23139,More than 3 hours,300,180,480
18773,Between 31 minutes and 1 hour,60,45,105
17439,More than 3 hours,60,180,240
2958,Between 1 and 30 minutes,30,15,45
18630,Between 1 and 2 hours,40,90,130
20927,Between 1 and 2 hours,120,90,210
12414,Between 31 minutes and 1 hour,45,45,90
463,Between 31 minutes and 1 hour,120,45,165
20480,Between 2 and 3 hours,150,150,300
2117,Between 1 and 2 hours,15,90,105
15666,More than 3 hours,60,180,240
2825,Between 1 and 2 hours,60,90,150
22533,Between 1 and 2 hours,30,90,120
23227,Between 1 and 2 hours,120,90,210
15823,Between 1 and 2 hours,30,90,120
17754,More than 3 hours,250,180,430
17925,More than 3 hours,30,180,210
11963,Between 31 minutes and 1 hour,400,45,445
817,Between 31 minutes and 1 hour,75,45,120
1563,0 minutes,30,0,30
11920,Between 2 and 3 hours,120,150,270
10602,Between 31 minutes and 1 hour,45,45,90
14327,Between 31 minutes and 1 hour,500,45,545
2538,Between 31 minutes and 1 hour,75,45,120
2542,Between 1 and 2 hours,66,90,156
19282,More than 3 hours,120,180,300
891,Between 1 and 2 hours,200,90,290
19194,More than 3 hours,60,180,240
14195,More than 3 hours,150,180,330
23947,Between 1 and 2 hours,60,90,150
1281,More than 3 hours,55,180,235
10773,More than 3 hours,60,180,240
20589,Between 1 and 30 minutes,60,15,75
258,Between 1 and 30 minutes,60,15,75
2285,More than 3 hours,30,180,210
17101,Between 1 and 30 minutes,30,15,45
15744,Between 2 and 3 hours,200,150,350
24047,Between 31 minutes and 1 hour,50,45,95
20817,Between 1 and 2 hours,60,90,150
13104,0 minutes,120,0,120
16829,More than 3 hours,90,180,270
19516,Between 2 and 3 hours,120,150,270
2790,More than 3 hours,30,180,210
16357,Between 31 minutes and 1 hour,400,45,445
22575,Between 31 minutes and 1 hour,40,45,85
18766,Between 2 and 3 hours,120,150,270
18583,Between 31 minutes and 1 hour,50,45,95
14428,Between 2 and 3 hours,90,150,240
19669,More than 3 hours,90,180,270
2680,More than 3 hours,1440,180,1620
1156,Between 31 minutes and 1 hour,30,45,75
23077,Between 1 and 2 hours,30,90,120
11084,More than 3 hours,180,180,360
15216,0 minutes,60,0,60
11961,0 minutes,60,0,60
597,Between 2 and 3 hours,300,150,450
16253,More than 3 hours,150,180,330
17126,0 minutes,45,0,45
15945,Between 1 and 30 minutes,120,15,135
24237,More than 3 hours,30,180,210
21429,More than 3 hours,120,180,300
19722,More than 3 hours,10,180,190
11321,Between 31 minutes and 1 hour,60,45,105
11066,Between 1 and 2 hours,100,90,190
1045,More than 3 hours,400,180,580
16092,More than 3 hours,0.5,180,180.5
14296,Between 1 and 30 minutes,5,15,20
14342,Between 1 and 2 hours,350,90,440
691,Between 2 and 3 hours,30,150,180
12313,More than 3 hours,60,180,240
223,Between 31 minutes and 1 hour,120,45,165
1270,Between 1 and 2 hours,180,90,270
1043,More than 3 hours,60,180,240
19550,Between 1 and 2 hours,30,90,120
18651,Between 1 and 2 hours,89,90,179
14187,Between 2 and 3 hours,60,150,210
1153,0 minutes,20,0,20
13097,Between 1 and 2 hours,35,90,125
16783,Between 1 and 2 hours,60,90,150
1370,More than 3 hours,40,180,220
2971,More than 3 hours,30,180,210
1115,Between 1 and 2 hours,30,90,120
20595,Between 1 and 2 hours,45,90,135
19310,Between 2 and 3 hours,4,150,154
14147,Between 31 minutes and 1 hour,60,45,105
1052,Between 2 and 3 hours,60,150,210
21336,More than 3 hours,180,180,360
13214,Between 1 and 30 minutes,360,15,375
13761,0 minutes,60,0,60
942,Between 2 and 3 hours,300,150,450
11,Between 31 minutes and 1 hour,100,45,145
16463,Between 31 minutes and 1 hour,120,45,165
23943,More than 3 hours,344,180,524
12635,Between 1 and 30 minutes,60,15,75
474,Between 2 and 3 hours,35,150,185
21856,Between 1 and 2 hours,30,90,120
21394,Between 1 and 2 hours,120,90,210
16254,Between 2 and 3 hours,60,150,210
11733,More than 3 hours,180,180,360
13540,Between 31 minutes and 1 hour,40,45,85
23031,Between 1 and 2 hours,9,90,99
19789,Between 1 and 2 hours,45,90,135
2647,More than 3 hours,400,180,580
20417,Between 1 and 2 hours,120,90,210
14498,Between 1 and 30 minutes,100,15,115
12657,Between 1 and 30 minutes,5,15,20
20002,More than 3 hours,15,180,195
10239,Between 2 and 3 hours,100,150,250
14519,Between 1 and 30 minutes,60,15,75
13861,Between 2 and 3 hours,370,150,520
10042,Between 2 and 3 hours,132,150,282
23319,Between 2 and 3 hours,90,150,240
19538,Between 31 minutes and 1 hour,120,45,165
2875,Between 1 and 2 hours,90,90,180
17017,0 minutes,30,0,30
13063,Between 1 and 2 hours,100,90,190
2407,More than 3 hours,300,180,480
2052,Between 1 and 30 minutes,15,15,30
23826,Between 31 minutes and 1 hour,30,45,75
1040,Between 1 and 2 hours,30,90,120
2832,Between 31 minutes and 1 hour,120,45,165
21090,Between 1 and 30 minutes,85,15,100
2587,More than 3 hours,60,180,240
23559,Between 2 and 3 hours,602,150,752
17332,Between 31 minutes and 1 hour,50,45,95
1360,0 minutes,2000,0,2000
14932,More than 3 hours,120,180,300
16528,Between 2 and 3 hours,120,150,270
11833,Between 31 minutes and 1 hour,60,45,105
713,Between 1 and 2 hours,120,90,210
17769,Between 1 and 2 hours,90,90,180
13629,More than 3 hours,3,180,183
16438,More than 3 hours,180,180,360
1029,Between 2 and 3 hours,120,150,270
18122,Between 31 minutes and 1 hour,10,45,55
23930,Between 1 and 2 hours,60,90,150
16825,Between 1 and 30 minutes,60,15,75
22778,Between 2 and 3 hours,100,150,250
1295,Between 1 and 2 hours,200,90,290
20010,Between 1 and 2 hours,80,90,170
20118,More than 3 hours,600,180,780
311,More than 3 hours,45,180,225
10835,Between 2 and 3 hours,60,150,210
18604,Between 1 and 30 minutes,45,15,60
2592,Between 1 and 2 hours,250,90,340
16616,0 minutes,90,0,90
18703,Between 31 minutes and 1 hour,30,45,75
18847,Between 2 and 3 hours,60,150,210
2325,More than 3 hours,30,180,210
15975,Between 31 minutes and 1 hour,1345,45,1390
13183,More than 3 hours,40,180,220
15627,Between 1 and 30 minutes,65,15,80
1533,Between 2 and 3 hours,120,150,270
16672,Between 31 minutes and 1 hour,40,45,85
17174,Between 1 and 2 hours,120,90,210
2118,Between 31 minutes and 1 hour,180,45,225
13595,Between 1 and 30 minutes,500,15,515
20769,More than 3 hours,75,180,255
1377,0 minutes,80,0,80
15750,More than 3 hours,30,180,210
17527,Between 2 and 3 hours,20,150,170
15427,Between 1 and 30 minutes,60,15,75
42,More than 3 hours,30,180,210
18068,Between 31 minutes and 1 hour,500,45,545
1249,Between 1 and 2 hours,200,90,290
17969,Between 1 and 2 hours,50,90,140
618,0 minutes,60,0,60
533,Between 1 and 2 hours,30,90,120
14919,More than 3 hours,130,180,310
13313,More than 3 hours,120,180,300
17428,Between 1 and 2 hours,60,90,150
15612,Between 1 and 2 hours,80,90,170
21316,Between 31 minutes and 1 hour,70,45,115
20050,Between 1 and 2 hours,70,90,160
316,More than 3 hours,60,180,240
22317,More than 3 hours,300,180,480
2674,Between 31 minutes and 1 hour,10,45,55
1047,More than 3 hours,100,180,280
2405,Between 31 minutes and 1 hour,100,45,145
22929,Between 2 and 3 hours,60,150,210
721,Between 1 and 2 hours,60,90,150
23513,Between 1 and 2 hours,120,90,210
22882,More than 3 hours,40,180,220
634,More than 3 hours,180,180,360
17212,Between 2 and 3 hours,300,150,450
3009,Between 1 and 2 hours,29,90,119
10641,More than 3 hours,90,180,270
19023,Between 31 minutes and 1 hour,400,45,445
14647,More than 3 hours,120,180,300
11351,Between 31 minutes and 1 hour,120,45,165
19070,Between 1 and 30 minutes,140,15,155
24067,Between 31 minutes and 1 hour,120,45,165
13297,Between 31 minutes and 1 hour,40,45,85
15389,More than 3 hours,60,180,240
23402,Between 31 minutes and 1 hour,40,45,85
1015,More than 3 hours,500,180,680
17694,Between 31 minutes and 1 hour,100,45,145
14612,Between 1 and 2 hours,30,90,120
14431,More than 3 hours,600,180,780
21360,Between 31 minutes and 1 hour,200,45,245
20048,Between 31 minutes and 1 hour,69,45,114
16578,More than 3 hours,60,180,240
1674,Between 1 and 2 hours,40,90,130
3135,Between 2 and 3 hours,60,150,210
11163,Between 2 and 3 hours,40,150,190
14007,More than 3 hours,30,180,210
13205,Between 2 and 3 hours,40,150,190
259,Between 1 and 2 hours,180,90,270
13559,Between 2 and 3 hours,300,150,450
52,More than 3 hours,120,180,300
13929,More than 3 hours,30,180,210
11333,Between 1 and 2 hours,100,90,190
13825,More than 3 hours,400,180,580
22808,0 minutes,180,0,180
2411,Between 2 and 3 hours,90,150,240
13567,Between 2 and 3 hours,80,150,230
14477,Between 2 and 3 hours,60,150,210
12420,More than 3 hours,65,180,245
2247,Between 2 and 3 hours,90,150,240
23069,Between 2 and 3 hours,60,150,210
1603,0 minutes,240,0,240
18751,Between 31 minutes and 1 hour,60,45,105
15663,More than 3 hours,120,180,300
21040,Between 2 and 3 hours,45,150,195
748,Between 1 and 30 minutes,76,15,91
23789,Between 1 and 2 hours,36,90,126
1480,Between 2 and 3 hours,120,150,270
19963,Between 31 minutes and 1 hour,50,45,95
11243,Between 31 minutes and 1 hour,120,45,165
24159,More than 3 hours,45,180,225
21599,0 minutes,30,0,30
19054,More than 3 hours,300,180,480
22643,Between 1 and 2 hours,60,90,150
10251,Between 1 and 30 minutes,45,15,60
531,More than 3 hours,420,180,600
3031,Between 1 and 2 hours,45,90,135
23622,Between 1 and 2 hours,120,90,210
18798,More than 3 hours,126,180,306
19887,Between 31 minutes and 1 hour,120,45,165
344,More than 3 hours,180,180,360
24217,Between 1 and 2 hours,25,90,115
10013,More than 3 hours,160,180,340
2341,More than 3 hours,25,180,205
18236,Between 1 and 2 hours,60,90,150
11130,Between 1 and 2 hours,300,90,390
17131,More than 3 hours,10,180,190
14065,Between 1 and 2 hours,1000,90,1090
13145,More than 3 hours,45,180,225
22010,Between 1 and 30 minutes,300,15,315
17886,Between 1 and 30 minutes,60,15,75
23199,Between 1 and 2 hours,90,90,180
2617,0 minutes,20,0,20
791,Between 1 and 2 hours,60,90,150
261,Between 2 and 3 hours,180,150,330
23201,Between 2 and 3 hours,100,150,250
1048,0 minutes,30,0,30
18568,More than 3 hours,30,180,210
1605,Between 1 and 2 hours,200,90,290
21459,Between 1 and 2 hours,20,90,110
2835,Between 1 and 30 minutes,60,15,75
1562,Between 31 minutes and 1 hour,60,45,105
11821,More than 3 hours,190,180,370
14789,Between 1 and 2 hours,30,90,120
2075,More than 3 hours,120,180,300
22095,Between 1 and 2 hours,120,90,210
2934,Between 31 minutes and 1 hour,30,45,75
21895,0 minutes,24,0,24
13270,More than 3 hours,4,180,184
14150,Between 31 minutes and 1 hour,20,45,65
14022,Between 1 and 30 minutes,90,15,105
2530,Between 1 and 2 hours,300,90,390
11411,More than 3 hours,90,180,270
2566,Between 2 and 3 hours,60,150,210
18657,Between 1 and 2 hours,11,90,101
19371,Between 31 minutes and 1 hour,240,45,285
1569,0 minutes,50,0,50
21513,More than 3 hours,300,180,480
2344,Between 1 and 2 hours,60,90,150
19460,Between 31 minutes and 1 hour,300,45,345
1042,Between 31 minutes and 1 hour,60,45,105
2044,Between 31 minutes and 1 hour,35,45,80
369,More than 3 hours,30,180,210
11367,Between 31 minutes and 1 hour,122,45,167
12680,More than 3 hours,360,180,540
18495,Between 1 and 2 hours,80,90,170
16773,Between 31 minutes and 1 hour,300,45,345
10622,Between 31 minutes and 1 hour,54,45,99
22592,Between 1 and 2 hours,480,90,570
11657,Between 31 minutes and 1 hour,120,45,165
19804,Between 2 and 3 hours,60,150,210
1824,Between 2 and 3 hours,120,150,270
17965,Between 1 and 2 hours,30,90,120
2573,Between 1 and 2 hours,20,90,110
23795,Between 1 and 30 minutes,30,15,45
22490,More than 3 hours,90,180,270
11457,More than 3 hours,120,180,300
15913,Between 31 minutes and 1 hour,250,45,295
10018,Between 2 and 3 hours,60,150,210
11715,More than 3 hours,65,180,245
22914,More than 3 hours,500,180,680
21807,0 minutes,300,0,300
21007,Between 1 and 30 minutes,240,15,255
2499,Between 1 and 30 minutes,100,15,115
14705,More than 3 hours,120,180,300
13899,Between 1 and 30 minutes,30,15,45
9864,Between 2 and 3 hours,200,150,350
19731,More than 3 hours,120,180,300
2280,Between 2 and 3 hours,120,150,270
22155,More than 3 hours,30,180,210
15144,Between 31 minutes and 1 hour,500,45,545
1831,More than 3 hours,35,180,215
20165,Between 1 and 2 hours,80,90,170
15278,Between 2 and 3 hours,250,150,400
12259,More than 3 hours,180,180,360
12682,Between 31 minutes and 1 hour,60,45,105
11418,More than 3 hours,100,180,280
19992,Between 31 minutes and 1 hour,60,45,105
19441,Between 2 and 3 hours,44,150,194
20881,Between 2 and 3 hours,60,150,210
1053,Between 1 and 30 minutes,80,15,95
10549,Between 1 and 2 hours,90,90,180
812,Between 31 minutes and 1 hour,25,45,70
1693,Between 2 and 3 hours,60,150,210
14637,Between 1 and 2 hours,60,90,150
24228,More than 3 hours,90,180,270
20876,Between 1 and 2 hours,120,90,210
23617,More than 3 hours,300,180,480
3131,More than 3 hours,30,180,210
11595,More than 3 hours,300,180,480
11141,Between 2 and 3 hours,300,150,450
13033,Between 1 and 30 minutes,120,15,135
1948,More than 3 hours,80,180,260
1954,Between 31 minutes and 1 hour,120,45,165
1796,More than 3 hours,60,180,240
20987,Between 2 and 3 hours,180,150,330
358,Between 2 and 3 hours,30,150,180
2433,More than 3 hours,70,180,250
20297,Between 1 and 2 hours,30,90,120
3053,More than 3 hours,200,180,380
17127,Between 1 and 2 hours,120,90,210
15184,0 minutes,60,0,60
21566,Between 1 and 2 hours,600,90,690
13329,Between 1 and 2 hours,60,90,150
10208,Between 31 minutes and 1 hour,120,45,165
24110,Between 1 and 2 hours,60,90,150
20186,Between 1 and 2 hours,60,90,150
23247,Between 1 and 2 hours,180,90,270
268,Between 1 and 30 minutes,55,15,70
16680,Between 1 and 2 hours,40,90,130
2853,More than 3 hours,240,180,420
589,Between 2 and 3 hours,240,150,390
9828,Between 1 and 2 hours,75,90,165
3002,0 minutes,60,0,60
22945,More than 3 hours,400,180,580
18059,Between 1 and 2 hours,120,90,210
17177,Between 2 and 3 hours,70,150,220
1922,Between 1 and 2 hours,60,90,150
14093,Between 31 minutes and 1 hour,420,45,465
10354,Between 31 minutes and 1 hour,120,45,165
18512,Between 1 and 2 hours,200,90,290
22446,More than 3 hours,20,180,200
2116,Between 2 and 3 hours,80,150,230
19108,Between 2 and 3 hours,13,150,163
16249,Between 1 and 30 minutes,150,15,165
22422,More than 3 hours,50,180,230
649,Between 2 and 3 hours,200,150,350
20329,Between 31 minutes and 1 hour,60,45,105
13140,Between 1 and 2 hours,50,90,140
19693,Between 1 and 2 hours,60,90,150
1867,More than 3 hours,60,180,240
16152,Between 31 minutes and 1 hour,65,45,110
17548,More than 3 hours,300,180,480
12642,Between 2 and 3 hours,100,150,250
11161,Between 1 and 2 hours,180,90,270
1720,Between 1 and 2 hours,20,90,110
13562,Between 2 and 3 hours,30,150,180
17727,Between 1 and 30 minutes,1000,15,1015
21420,More than 3 hours,210,180,390
2332,Between 2 and 3 hours,90,150,240
1044,More than 3 hours,130,180,310
10027,Between 2 and 3 hours,300,150,450
17350,Between 1 and 2 hours,200,90,290
1503,More than 3 hours,150,180,330
911,Between 1 and 2 hours,90,90,180
23448,Between 1 and 30 minutes,140,15,155
23066,More than 3 hours,120,180,300
11902,Between 1 and 2 hours,60,90,150
1710,More than 3 hours,60,180,240
18166,Between 31 minutes and 1 hour,45,45,90
17036,Between 31 minutes and 1 hour,130,45,175
21942,More than 3 hours,360,180,540
18669,Between 2 and 3 hours,90,150,240
16377,Between 1 and 2 hours,64,90,154
14237,Between 2 and 3 hours,120,150,270
14584,More than 3 hours,250,180,430
9927,Between 1 and 2 hours,90,90,180
12436,Between 2 and 3 hours,30,150,180
11236,Between 1 and 2 hours,400,90,490
12329,Between 1 and 30 minutes,90,15,105
18933,Between 31 minutes and 1 hour,8,45,53
26,More than 3 hours,210,180,390
13999,More than 3 hours,120,180,300
22163,Between 2 and 3 hours,120,150,270
23185,Between 1 and 2 hours,120,90,210
20313,Between 1 and 30 minutes,20,15,35
11761,Between 2 and 3 hours,50,150,200
12971,Between 2 and 3 hours,180,150,330
10159,Between 1 and 2 hours,60,90,150
11461,Between 31 minutes and 1 hour,65,45,110
21388,0 minutes,240,0,240
198,Between 1 and 2 hours,60,90,150
17584,Between 1 and 2 hours,240,90,330
1050,Between 1 and 2 hours,400,90,490
19238,Between 1 and 2 hours,15,90,105
2714,More than 3 hours,210,180,390
275,Between 1 and 30 minutes,90,15,105
15719,Between 2 and 3 hours,50,150,200
20437,Between 1 and 2 hours,240,90,330
1242,Between 1 and 2 hours,60,90,150
12380,Between 1 and 2 hours,60,90,150
1564,Between 1 and 30 minutes,850,15,865
11175,Between 1 and 2 hours,120,90,210
14725,Between 1 and 2 hours,90,90,180
23447,More than 3 hours,120,180,300
22312,Between 2 and 3 hours,10,150,160
18232,More than 3 hours,100,180,280
2871,Between 1 and 30 minutes,250,15,265
2335,Between 1 and 2 hours,60,90,150
1898,Between 31 minutes and 1 hour,10,45,55
3045,Between 1 and 2 hours,6,90,96
2264,Between 1 and 2 hours,480,90,570
12926,More than 3 hours,200,180,380
1931,Between 1 and 2 hours,360,90,450
756,Between 2 and 3 hours,120,150,270
3069,More than 3 hours,500,180,680
15313,Between 2 and 3 hours,11,150,161
2452,More than 3 hours,240,180,420
21948,Between 31 minutes and 1 hour,120,45,165
646,Between 2 and 3 hours,60,150,210
1723,More than 3 hours,60,180,240
19779,0 minutes,15,0,15
17071,Between 1 and 30 minutes,20,15,35
2574,Between 1 and 30 minutes,60,15,75
20591,Between 31 minutes and 1 hour,50,45,95
17681,More than 3 hours,120,180,300
16112,Between 1 and 2 hours,45,90,135
13648,Between 2 and 3 hours,240,150,390
2908,Between 1 and 2 hours,60,90,150
10039,Between 1 and 2 hours,45,90,135
17708,More than 3 hours,30,180,210
16364,Between 1 and 2 hours,120,90,210
11942,More than 3 hours,300,180,480
10411,Between 1 and 2 hours,60,90,150
20887,More than 3 hours,60,180,240
11798,Between 1 and 30 minutes,30,15,45
12111,Between 1 and 30 minutes,50,15,65
15496,Between 31 minutes and 1 hour,50,45,95
2492,More than 3 hours,30,180,210
65,Between 2 and 3 hours,30,150,180
10037,More than 3 hours,40,180,220
2604,More than 3 hours,60,180,240
17426,More than 3 hours,45,180,225
20618,0 minutes,400,0,400
13500,More than 3 hours,120,180,300
17466,More than 3 hours,150,180,330
2982,Between 2 and 3 hours,90,150,240
2979,Between 1 and 2 hours,65,90,155
13238,Between 1 and 2 hours,60,90,150
23778,More than 3 hours,75,180,255
17953,More than 3 hours,70,180,250
22518,More than 3 hours,180,180,360
19638,Between 1 and 30 minutes,120,15,135
13446,Between 1 and 2 hours,900,90,990
21225,More than 3 hours,120,180,300
2321,Between 31 minutes and 1 hour,60,45,105
2261,Between 31 minutes and 1 hour,500,45,545
794,More than 3 hours,30,180,210
1585,More than 3 hours,30,180,210
11662,More than 3 hours,50,180,230
18062,Between 2 and 3 hours,180,150,330
9929,Between 1 and 2 hours,30,90,120
