id,fb_minutes_base,fb_minutes_end,fb_minutes_diff
7,20,15,-5
8,75,60,-15
12,90,0,-90
13,300,60,-240
14,300,180,-120
16,360,120,-240
23,160,60,-100
25,100,60,-40
27,120,180,60
28,120,120,0
30,30,20,-10
34,90,75,-15
39,30,20,-10
41,30,0,-30
45,75,90,15
46,400,80,-320
47,135,45,-90
48,45,10,-35
49,180,130,-50
50,120,30,-90
53,120,480,360
56,120,180,60
57,240,90,-150
58,30,0,-30
60,60,300,240
66,60,90,30
67,30,15,-15
69,90,90,0
70,60,60,0
71,60,120,60
72,120,33,-87
74,500,120,-380
76,120,120,0
80,75,45,-30
84,60,0,-60
87,180,30,-150
88,45,60,15
89,600,660,60
93,75,180,105
94,60,0,-60
97,180,120,-60
104,480,480,0
107,90,120,30
108,60,0,-60
109,40,60,20
110,45,20,-25
111,0,0,0
112,20,15,-5
116,45,50,5
117,120,120,0
119,200,0,-200
120,75,20,-55
121,500,0,-500
125,60,140,80
126,600,30,-570
129,50,60,10
130,180,60,-120
131,30,0,-30
132,120,0,-120
133,20,0,-20
134,48000,7000,-41000
136,15,5,-10
138,180,40,-140
142,25,30,5
143,120,50,-70
144,80,65,-15
146,90,60,-30
147,30,15,-15
148,150,60,-90
150,45,0,-45
151,40,30,-10
152,35,22,-13
155,180,0,-180
156,30,10,-20
161,40,25,-15
162,120,120,0
163,250,90,-160
167,240,29,-211
168,120,60,-60
169,110,120,10
171,20,0,-20
173,240,240,0
174,30,15,-15
177,120,0,-120
179,40,10,-30
180,60,30,-30
182,81,0,-81
189,100,60,-40
190,60,30,-30
191,60,30,-30
193,60,150,90
195,120,60,-60
202,180,30,-150
206,90,0,-90
207,120,56,-64
209,120,60,-60
213,75,60,-15
217,30,0,-30
218,60,60,0
219,240,120,-120
220,90,150,60
222,60,60,0
225,300,1200,900
227,40,50,10
228,100,120,20
229,60,0,-60
231,180,180,0
232,30,20,-10
233,45,45,0
234,45,60,15
236,240,0,-240
237,45,45,0
240,180,180,0
243,20,30,10
245,80,0,-80
248,60,60,0
250,120,69,-51
251,60,45,-15
252,90,120,30
253,20,60,40
254,30,20,-10
256,240,200,-40
257,200,250,50
265,30,30,0
266,480,240,-240
267,80,0,-80
269,180,60,-120
270,35,60,25
271,45,23,-22
272,60,120,60
277,30,45,15
278,90,45,-45
279,120,30,-90
281,15,15,0
282,60,50,-10
290,120,60,-60
292,180,240,60
295,60,75,15
296,45,0,-45
297,40,0,-40
299,120,0,-120
300,90,50,-40
301,40,35,-5
306,300,300,0
313,180,120,-60
319,25,30,5
324,200,300,100
325,180,5,-175
326,60,45,-15
328,60,30,-30
329,60,0,-60
331,60,0,-60
332,45,0,-45
335,120,0,-120
340,90,120,30
342,40,20,-20
343,60,60,0
345,60,45,-15
348,75,0,-75
349,180,180,0
350,120,120,0
352,90,0,-90
355,240,50,-190
357,120,120,0
359,30,60,30
367,30,20,-10
368,240,60,-180
371,60,20,-40
380,60,0,-60
382,300,360,60
384,60,120,60
385,60,0,-60
387,20,5,-15
397,60,0,-60
399,125,0,-125
400,30,15,-15
401,500,70,-430
402,60,0,-60
403,90,30,-60
406,90,90,0
407,120,120,0
411,15,15,0
416,20,35,15
417,150,100,-50
421,120,200,80
422,90,90,0
426,60,75,15
428,45,60,15
430,120,90,-30
431,45,10,-35
432,60,15,-45
433,60,0,-60
434,60,65,5
435,60,60,0
437,30,45,15
440,300,0,-300
442,60,0,-60
445,180,0,-180
446,5,4,-1
448,90,100,10
454,90,23,-67
456,360,150,-210
457,60,60,0
458,45,45,0
459,60,60,0
460,45,30,-15
461,150,50,-100
465,45,0,-45
467,500,300,-200
468,120,240,120
470,60,60,0
471,120,90,-30
472,60,60,0
475,30,0,-30
476,180,80,-100
477,65,120,55
482,90,90,0
483,240,0,-240
485,60,15,-45
491,120,60,-60
493,240,360,120
494,120,45,-75
499,180,0,-180
500,30,90,60
502,60,30,-30
503,480,300,-180
504,80,60,-20
505,60,10,-50
514,120,40,-80
516,60,0,-60
520,30,30,0
522,60,20,-40
524,360,65,-295
526,45,10,-35
529,120,180,60
535,60,15,-45
539,60,45,-15
540,100,300,200
541,45,30,-15
542,45,0,-45
543,0,300,300
546,700,90,-610
549,120,300,180
551,30,0,-30
552,30,0,-30
554,45,30,-15
555,220,100,-120
557,200,120,-80
558,160,150,-10
560,60,0,-60
563,60,60,0
568,60,120,60
569,45,30,-15
570,60,60,0
571,60,45,-15
572,0,90,90
573,40,60,20
574,120,90,-30
576,45,90,45
578,30,46,16
579,60,80,20
582,120,120,0
586,85,0,-85
588,60,60,0
592,120,30,-90
595,120,90,-30
598,30,0,-30
600,60,120,60
601,150,200,50
602,60,20,-40
604,120,150,30
607,90,0,-90
608,120,180,60
609,120,120,0
611,45,82,37
612,80,0,-80
614,30,60,30
616,60,15,-45
619,60,0,-60
621,90,90,0
622,85,125,40
624,45,60,15
625,60,60,0
633,120,0,-120
639,60,60,0
648,180,60,-120
651,75,45,-30
652,360,150,-210
654,120,60,-60
657,45,45,0
658,180,120,-60
660,90,50,-40
666,45,180,135
667,360,480,120
671,20,20,0
672,60,0,-60
674,180,120,-60
680,60,0,-60
681,185,200,15
684,360,30,-330
685,60,120,60
687,60,0,-60
689,35,0,-35
692,20,40,20
693,80,45,-35
694,120,0,-120
699,120,0,-120
700,1400,45,-1355
704,180,100,-80
708,25,20,-5
712,56,60,4
714,30,75,45
717,60,0,-60
720,40,30,-10
723,30,15,-15
727,45,90,45
728,560,10,-550
731,180,180,0
733,30,20,-10
734,180,180,0
737,90,120,30
738,45,60,15
739,60,0,-60
741,400,600,200
744,180,0,-180
745,85,15,-70
746,180,180,0
747,75,75,0
750,60,60,0
751,60,60,0
761,45,45,0
762,120,0,-120
763,45,0,-45
765,120,240,120
766,60,0,-60
767,60,120,60
768,60,120,60
769,180,80,-100
774,120,60,-60
776,172,76,-96
778,240,0,-240
779,45,0,-45
780,45,45,0
781,150,50,-100
784,120,120,0
787,30,35,5
792,120,60,-60
797,90,70,-20
799,80,0,-80
800,60,30,-30
801,120,120,0
802,60,80,20
807,420,90,-330
810,50,100,50
811,120,65,-55
818,20,20,0
823,120,30,-90
825,30,30,0
826,60,30,-30
828,45,0,-45
829,120,70,-50
831,600,500,-100
832,200,0,-200
834,45,60,15
835,120,150,30
838,90,80,-10
839,120,20,-100
842,150,75,-75
843,20,15,-5
844,240,120,-120
845,60,45,-15
846,60,0,-60
847,90,60,-30
848,45,14,-31
849,30,60,30
853,90,0,-90
854,90,25,-65
855,30,0,-30
856,45,0,-45
857,90,120,30
859,60,90,30
860,100,120,20
865,60,0,-60
866,480,480,0
867,60,15,-45
868,120,0,-120
869,90,180,90
872,120,0,-120
873,60,45,-15
876,120,90,-30
878,30,20,-10
879,120,90,-30
881,240,180,-60
882,25,30,5
883,75,0,-75
887,120,0,-120
890,120,60,-60
892,60,0,-60
895,120,120,0
899,25,45,20
901,60,30,-30
903,45,0,-45
904,1.5,45,43.5
909,75,100,25
916,20,20,0
919,60,30,-30
925,30,30,0
926,20,45,25
927,100,30,-70
928,60,90,30
930,180,180,0
931,200,60,-140
937,80,100,20
938,60,60,0
939,50,0,-50
941,120,15,-105
944,180,60,-120
946,60,75,15
947,120,0,-120
948,120,0,-120
950,60,60,0
951,60,30,-30
953,45,0,-45
954,360,22,-338
955,60,30,-30
956,55,50,-5
958,120,30,-90
959,90,30,-60
960,260,50,-210
961,40,40,0
963,90,35,-55
968,240,180,-60
971,300,0,-300
972,45,40,-5
975,120,120,0
976,50,5,-45
980,180,120,-60
983,240,60,-180
985,120,45,-75
986,30,0,-30
988,120,90,-30
990,120,180,60
991,200,60,-140
992,60,60,0
993,45,60,15
997,120,90,-30
999,120,0,-120
1013,45,45,0
1014,75,75,0
1016,360,240,-120
1017,120,0,-120
1018,60,40,-20
1021,600,30,-570
1026,20,0,-20
1027,60,0,-60
1035,35,35,0
1036,45,10,-35
1055,20,20,0
1056,80,60,-20
1059,60,60,0
1063,120,30,-90
1066,45,30,-15
1068,90,400,310
1070,90,90,0
1072,60,0,-60
1073,120,90,-30
1075,120,120,0
1077,60,40,-20
1080,90,40,-50
1084,300,80,-220
1085,60,0,-60
1088,35,35,0
1090,90,180,90
1091,120,60,-60
1092,120,0,-120
1094,120,60,-60
1097,90,90,0
1098,75,60,-15
1099,120,120,0
1102,60,60,0
1103,120,0,-120
1104,120,0,-120
1105,45,30,-15
1106,60,50,-10
1109,60,0,-60
1110,60,120,60
1113,240,180,-60
1114,120,0,-120
1117,30,30,0
1118,75,0,-75
1119,30,20,-10
1122,90,60,-30
1123,250,0,-250
1126,120,0,-120
1129,180,150,-30
1134,60,90,30
1135,30,30,0
1136,20,20,0
1137,30,60,30
1139,20,0,-20
1140,180,120,-60
1142,10,20,10
1145,30,30,0
1146,60,90,30
1147,120,90,-30
1148,60,60,0
1149,100,65,-35
1152,30,0,-30
1154,120,120,0
1164,25,5,-20
1166,420,0,-420
1167,40,20,-20
1168,250,0,-250
1169,30,0,-30
1170,270,60,-210
1173,30,12,-18
1175,120,75,-45
1176,70,10,-60
1177,30,30,0
1178,60,90,30
1182,45,0,-45
1183,60,120,60
1186,75,30,-45
1191,60,0,-60
1194,120,15,-105
1196,120,60,-60
1197,60,60,0
1199,75,60,-15
1201,30,0,-30
1204,30,5,-25
1206,120,90,-30
1207,60,0,-60
1210,180,300,120
1214,45,60,15
1215,30,60,30
1216,75,120,45
1218,30,180,150
1221,45,45,0
1222,20,60,40
1227,45,30,-15
1228,30,0,-30
1231,120,90,-30
1232,45,60,15
1233,240,225,-15
1234,50,0,-50
1235,30,0,-30
1237,60,60,0
1239,60,90,30
1240,30,20,-10
1243,70,30,-40
1245,60,30,-30
1247,90,30,-60
1250,60,60,0
1251,120,30,-90
1257,45,60,15
1259,120,120,0
1260,160,60,-100
1262,45,90,45
1265,120,0,-120
1267,300,30,-270
1268,30,15,-15
1269,10,20,10
1273,30,0,-30
1274,90,20,-70
1275,120,50,-70
1278,50,0,-50
1279,180,120,-60
1282,100,120,20
1283,120,120,0
1284,30,90,60
1286,60,0,-60
1290,90,90,0
1291,200,60,-140
1293,60,30,-30
1294,50,50,0
1296,120,30,-90
1297,45,60,15
1298,35,15,-20
1299,22,22,0
1300,60,60,0
1302,15,1,-14
1303,60,0,-60
1308,60,0,-60
1310,90,60,-30
1311,120,90,-30
1313,120,60,-60
1314,60,0,-60
1316,60,90,30
1318,120,60,-60
1322,90,0,-90
1323,120,200,80
1325,20,15,-5
1327,20,10,-10
1329,180,180,0
1334,360,100,-260
1337,45,45,0
1338,120,150,30
1340,90,60,-30
1342,120,60,-60
1344,45,25,-20
1345,120,0,-120
1349,120,90,-30
1350,60,350,290
1351,20,0,-20
1353,30,30,0
1354,120,325,205
1355,30,0,-30
1356,60,45,-15
1363,60,45,-15
1364,30,15,-15
1368,240,0,-240
1372,60,120,60
1373,20,0,-20
1374,60,30,-30
1383,20,20,0
1385,45,30,-15
1386,60,20,-40
1389,90,30,-60
1390,60,25,-35
1391,60,30,-30
1392,75,60,-15
1394,120,0,-120
1398,50,0,-50
1401,100,120,20
1404,120,600,480
1405,60,20,-40
1407,120,60,-60
1408,90,45,-45
1409,30,30,0
1410,30,2,-28
1414,90,0,-90
1415,45,0,-45
1419,40,0,-40
1421,120,120,0
1423,60,90,30
1424,120,75,-45
1432,300,40,-260
1435,30,15,-15
1440,60,100,40
1441,120,120,0
1442,100,40,-60
1444,120,45,-75
1449,180,60,-120
1450,45,0,-45
1451,30,0,-30
1452,40,250,210
1457,60,200,140
1460,180,60,-120
1461,60,60,0
1465,30,20,-10
1472,60,180,120
1474,20,20,0
1475,120,120,0
1478,60,30,-30
1481,60,0,-60
1484,300,120,-180
1485,60,12,-48
1487,150,180,30
1490,100,0,-100
1491,30,80,50
1494,60,60,0
1495,10,10,0
1496,45,45,0
1499,500,0,-500
1500,5,10,5
1502,180,180,0
1505,180,180,0
1512,120,10,-110
1514,30,0,-30
1515,90,120,30
1518,120,60,-60
1519,60,45,-15
1520,45,20,-25
1522,45,120,75
1523,45,40,-5
1526,30,60,30
1532,120,70,-50
1534,240,180,-60
1535,70,0,-70
1536,60,40,-20
1539,90,120,30
1540,45,60,15
1541,75,0,-75
1544,120,0,-120
1545,60,45,-15
1546,30,0,-30
1548,50,30,-20
1551,90,60,-30
1554,45,30,-15
1555,60,65,5
1557,30,30,0
1559,90,0,-90
1560,30,0,-30
1561,60,30,-30
1565,45,35,-10
1566,60,90,30
1567,60,45,-15
1570,30,15,-15
1571,90,90,0
1574,100,90,-10
1575,5,5,0
1579,120,145,25
1580,45,30,-15
1582,60,60,0
1584,45,0,-45
1586,20,45,25
1587,25,20,-5
1588,90,90,0
1589,120,30,-90
1592,60,0,-60
1596,90,90,0
1602,90,80,-10
1606,60,60,0
1607,120,240,120
1609,120,120,0
1610,50,40,-10
1614,400,60,-340
1615,90,45,-45
1620,30,15,-15
1621,360,0,-360
1622,180,120,-60
1623,175,120,-55
1625,120,120,0
1628,45,90,45
1630,150,60,-90
1631,200,60,-140
1632,140,60,-80
1633,60,0,-60
1634,60,30,-30
1637,120,45,-75
1643,120,30,-90
1644,20,30,10
1663,60,0,-60
1665,300,0,-300
1669,30,60,30
1670,60,20,-40
1681,300,30,-270
1682,45,100,55
1683,60,40,-20
1686,120,180,60
1689,30,20,-10
1691,300,300,0
1692,75,45,-30
1694,110,90,-20
1696,60,45,-15
1697,360,400,40
1698,60,60,0
1700,90,90,0
1701,90,120,30
1704,20,15,-5
1706,90,30,-60
1708,90,45,-45
1711,180,240,60
1712,120,120,0
1713,180,240,60
1714,90,90,0
1715,120,0,-120
1716,120,150,30
1721,90,25,-65
1724,35,0,-35
1726,120,0,-120
1730,30,0,-30
1731,120,400,280
1733,45,0,-45
1736,160,600,440
1737,480,120,-360
1738,75,0,-75
1739,10,8,-2
1740,500,200,-300
1741,120,120,0
1742,50,70,20
1743,120,60,-60
1744,60,0,-60
1748,30,30,0
1749,60,50,-10
1750,10,40,30
1751,30,45,15
1753,45,30,-15
1754,60,60,0
1757,160,40,-120
1758,60,0,-60
1759,175,1000,825
1763,30,20,-10
1765,360,60,-300
1766,100,60,-40
1771,60,0,-60
1773,120,0,-120
1774,180,150,-30
1775,45,30,-15
1776,140,0,-140
1777,60,60,0
1780,20,0,-20
1782,240,1260,1020
1785,60,0,-60
1786,120,90,-30
1787,60,60,0
1789,30,30,0
1791,90,120,30
1793,30,25,-5
1794,60,45,-15
1795,25,25,0
1797,60,90,30
1798,75,20,-55
1799,35,5,-30
1800,25,45,20
1801,45,15,-30
1807,60,60,0
1808,90,60,-30
1811,25,20,-5
1813,60,45,-15
1814,140,120,-20
1816,60,10,-50
1817,50,60,10
1819,60,0,-60
1820,120,180,60
1823,90,30,-60
1825,300,600,300
1828,300,240,-60
1833,20,30,10
1834,0,30,30
1839,30,0,-30
1840,50,90,40
1841,480,60,-420
1843,45,30,-15
1845,20,10,-10
1846,50,0,-50
1847,60,60,0
1849,45,0,-45
1852,90,60,-30
1854,100,120,20
1855,120,20,-100
1859,30,10,-20
1860,120,35,-85
1861,60,0,-60
1862,300,90,-210
1863,60,0,-60
1866,200,60,-140
1877,120,120,0
1880,120,60,-60
1881,160,60,-100
1886,30,0,-30
1888,60,360,300
1890,120,120,0
1892,60,60,0
1894,55,20,-35
1896,180,180,0
1897,60,30,-30
1901,120,0,-120
1903,120,0,-120
1904,80,60,-20
1905,45,30,-15
1906,45,60,15
1909,35,30,-5
1910,260,500,240
1911,60,30,-30
1913,130,60,-70
1915,300,180,-120
1919,875,476,-399
1925,60,120,60
1926,160,120,-40
1927,45,45,0
1930,40,60,20
1932,300,120,-180
1933,30,40,10
1934,30,0,-30
1935,35,20,-15
1936,120,45,-75
1937,75,0,-75
1938,45,45,0
1939,120,60,-60
1941,30,45,15
1945,45,20,-25
1946,120,120,0
1949,60,75,15
1951,40,20,-20
1953,60,120,60
1957,320,120,-200
1960,60,0,-60
1963,30,120,90
1964,30,40,10
1965,120,240,120
1967,120,60,-60
1968,45,0,-45
1971,90,60,-30
1972,200,120,-80
1973,65,20,-45
1974,30,30,0
1975,60,20,-40
1977,180,300,120
1978,40,15,-25
1980,60,30,-30
1981,60,60,0
1982,30,15,-15
1987,100,0,-100
1990,30,20,-10
1991,95,170,75
1993,240,480,240
1999,120,60,-60
2002,40,8,-32
2004,60,45,-15
2009,180,130,-50
2010,240,120,-120
2011,30,30,0
2012,40,20,-20
2013,45,30,-15
2018,180,180,0
2019,100,120,20
2024,30,15,-15
2026,90,90,0
2029,25,45,20
2030,120,60,-60
2033,60,120,60
2034,20,10,-10
2036,150,100,-50
2037,100,0,-100
2039,120,20,-100
2041,120,60,-60
2042,30,0,-30
2045,90,90,0
2048,120,80,-40
2049,180,300,120
2053,20,0,-20
2057,90,90,0
2058,20,0,-20
2059,180,0,-180
2063,60,0,-60
2067,180,60,-120
2068,90,60,-30
2069,30,50,20
2071,15,20,5
2073,120,10,-110
2077,20,120,100
2080,90,0,-90
2085,90,60,-30
2086,150,200,50
2087,35,45,10
2088,10,30,20
2089,240,180,-60
2090,500,3,-497
2091,120,0,-120
2092,120,60,-60
2093,180,250,70
2094,40,60,20
2098,30,75,45
2101,120,200,80
2104,5,5,0
2105,200,0,-200
2106,60,30,-30
2108,120,20,-100
2111,90,60,-30
2112,285,400,115
2120,30,10,-20
2121,60,60,0
2123,180,15,-165
2125,90,30,-60
2126,180,120,-60
2129,90,120,30
2132,90,120,30
2133,120,120,0
2136,60,0,-60
2137,5,5,0
2138,30,0,-30
2140,75,0,-75
2141,45,15,-30
2144,180,120,-60
2145,240,240,0
2149,200,0,-200
2150,120,90,-30
2153,300,60,-240
2158,69,0,-69
2159,70,20,-50
2161,90,60,-30
2162,200,80,-120
2163,60,120,60
2164,360,200,-160
2165,60,120,60
2166,60,60,0
2167,120,60,-60
2168,90,30,-60
2170,200,240,40
2174,30,35,5
2175,15,15,0
2177,60,75,15
2179,120,120,0
2180,100,60,-40
2181,45,10,-35
2183,200,120,-80
2187,45,10,-35
2188,120,0,-120
2189,90,60,-30
2190,120,0,-120
2191,240,360,120
2194,200,30,-170
2195,5,20,15
2197,90,120,30
2201,20,30,10
2203,120,0,-120
2204,75,40,-35
2205,500,150,-350
2208,45,60,15
2209,60,30,-30
2212,120,0,-120
2215,60,0,-60
2218,30,60,30
2219,300,20,-280
2220,45,60,15
2222,240,0,-240
2223,180,300,120
2224,35,30,-5
2226,30,30,0
2227,160,180,20
2234,45,15,-30
2235,60,60,0
2236,10,10,0
2237,230,90,-140
2240,90,30,-60
2242,70,60,-10
2243,20,35,15
2249,90,10,-80
2250,180,20,-160
2257,60,600,540
2258,20,0,-20
2263,30,45,15
2266,45,0,-45
2271,45,30,-15
2274,10,10,0
2277,120,60,-60
2281,145,40,-105
2284,20,5,-15
2286,120,0,-120
2287,60,130,70
2291,150,30,-120
2294,20,0,-20
2295,30,20,-10
2303,45,30,-15
2309,45,15,-30
2310,25,20,-5
2311,35,35,0
2312,60,0,-60
2313,60,0,-60
2314,60,59,-1
2315,45,35,-10
2316,300,300,0
2320,15,30,15
2322,240,0,-240
2323,120,0,-120
2327,120,150,30
2328,40,30,-10
2333,60,75,15
2334,180,300,120
2340,20,15,-5
2342,75,0,-75
2343,30,30,0
2347,45,35,-10
2348,90,120,30
2349,800,30,-770
2355,120,75,-45
2359,180,60,-120
2360,15,0,-15
2361,70,782,712
2363,20,10,-10
2364,45,5,-40
2365,120,60,-60
2366,480,0,-480
2367,90,90,0
2368,30,10,-20
2370,45,0,-45
2371,90,100,10
2372,75,30,-45
2375,30,10,-20
2378,60,180,120
2379,180,80,-100
2380,60,120,60
2381,60,30,-30
2389,60,0,-60
2390,30,15,-15
2392,60,60,0
2393,20,20,0
2395,60,0,-60
2397,60,300,240
2404,45,0,-45
2406,120,120,0
2408,120,45,-75
2410,180,60,-120
2413,20,30,10
2414,200,9,-191
2418,90,80,-10
2419,300,240,-60
2421,70,60,-10
2423,30,0,-30
2424,300,300,0
2427,120,90,-30
2429,60,60,0
2431,80,65,-15
2432,45,0,-45
2435,60,20,-40
2436,0,10,10
2437,150,25,-125
2440,60,60,0
2443,120,0,-120
2444,240,180,-60
2445,120,90,-30
2449,120,120,0
2450,240,240,0
2451,60,0,-60
2455,90,35,-55
2458,60,0,-60
2459,180,0,-180
2460,60,60,0
2461,60,60,0
2462,60,30,-30
2463,90,60,-30
2464,90,65,-25
2465,40,56,16
2466,60,0,-60
2468,30,30,0
2469,60,60,0
2472,30,20,-10
2474,45,20,-25
2475,150,200,50
2476,180,200,20
2479,300,0,-300
2487,30,50,20
2488,120,75,-45
2489,120,0,-120
2490,60,90,30
2495,300,300,0
2501,60,0,-60
2502,60,120,60
2504,25,30,5
2507,45,60,15
2509,60,60,0
2510,80,0,-80
2512,60,60,0
2514,30,10,-20
2516,60,30,-30
2518,30,15,-15
2519,240,240,0
2520,30,45,15
2522,60,60,0
2524,20,15,-5
2527,180,120,-60
2528,120,120,0
2532,120,60,-60
2533,60,30,-30
2535,90,0,-90
2536,120,90,-30
2545,70,70,0
2550,90,60,-30
2552,60,0,-60
2555,180,80,-100
2559,60,24,-36
2560,30,0,-30
2562,60,60,0
2565,30,5,-25
2567,60,75,15
2569,45,130,85
2572,120,120,0
2576,60,0,-60
2577,60,80,20
2580,200,180,-20
2589,160,0,-160
2590,80,0,-80
2596,180,240,60
2597,100,990,890
2598,60,2,-58
2599,240,100,-140
2600,120,180,60
2602,180,60,-120
2605,60,0,-60
2606,90,40,-50
2607,60,15,-45
2610,30,0,-30
2611,35,12,-23
2612,60,60,0
2619,30,200,170
2622,123,45,-78
2625,160,0,-160
2628,240,120,-120
2629,120,75,-45
2631,90,75,-15
2632,50,60,10
2635,60,60,0
2637,60,60,0
2638,60,45,-15
2639,180,80,-100
2640,120,120,0
2642,60,30,-30
2646,120,3,-117
2649,20,0,-20
2651,90,90,0
2654,120,0,-120
2655,30,30,0
2659,60,0,-60
2662,60,90,30
2665,120,0,-120
2675,30,0,-30
2676,480,120,-360
2677,300,0,-300
2679,55,50,-5
2682,30,5,-25
2688,120,0,-120
2690,120,60,-60
2693,45,90,45
2701,120,0,-120
2703,90,90,0
2704,60,25,-35
2707,40,70,30
2708,75,0,-75
2710,60,30,-30
2716,120,90,-30
2717,60,30,-30
2718,120,45,-75
2720,60,30,-30
2723,60,0,-60
2724,60,20,-40
2726,500,400,-100
2727,60,30,-30
2728,60,180,120
2731,60,0,-60
2732,60,20,-40
2733,60,60,0
2734,60,40,-20
2735,60,60,0
2736,120,0,-120
2738,45,30,-15
2739,60,90,30
2742,120,120,0
2746,45,30,-15
2748,480,480,0
2750,120,0,-120
2751,200,240,40
2752,60,30,-30
2754,120,30,-90
2755,60,0,-60
2758,60,20,-40
2759,30,15,-15
2761,100,45,-55
2765,150,120,-30
2767,100,60,-40
2768,120,125,5
2771,60,30,-30
2772,30,10,-20
2774,75,60,-15
2777,45,0,-45
2778,90,0,-90
2780,60,0,-60
2783,60,60,0
2785,60,20,-40
2791,30,30,0
2793,60,120,60
2794,20,30,10
2795,60,45,-15
2796,60,50,-10
2800,20,10,-10
2804,45,10,-35
2806,60,60,0
2807,125,150,25
2808,30,0,-30
2811,120,120,0
2812,120,60,-60
2813,10,30,20
2814,90,0,-90
2815,60,60,0
2816,30,0,-30
2823,35,30,-5
2827,30,30,0
2828,20,20,0
2829,120,120,0
2830,15,10,-5
2833,60,85,25
2834,60,60,0
2836,60,30,-30
2838,30,30,0
2840,120,60,-60
2842,240,280,40
2844,240,0,-240
2847,30,0,-30
2849,240,240,0
2851,90,60,-30
2855,50,60,10
2858,65,0,-65
2860,30,0,-30
2861,120,0,-120
2864,40,40,0
2865,200,60,-140
2866,30,20,-10
2867,150,120,-30
2868,240,300,60
2869,90,240,150
2874,240,300,60
2876,40,60,20
2877,90,90,0
2879,1299,30,-1269
2880,100,60,-40
2881,25,30,5
2883,300,120,-180
2884,200,180,-20
2887,240,90,-150
2888,90,60,-30
2889,60,0,-60
2891,20,25,5
2892,600,200,-400
2893,120,180,60
2894,45,300,255
2896,560,300,-260
2897,45,15,-30
2899,240,150,-90
2901,45,20,-25
2904,30,20,-10
2905,60,40,-20
2907,20,30,10
2909,60,0,-60
2912,70,0,-70
2914,30,30,0
2916,60,60,0
2917,70,60,-10
2918,120,320,200
2921,80,60,-20
2922,200,5,-195
2924,60,0,-60
2926,360,180,-180
2928,60,0,-60
2930,120,40,-80
2935,200,30,-170
2937,180,180,0
2941,1000,30,-970
2943,60,60,0
2945,30,0,-30
2946,60,0,-60
2947,65,30,-35
2948,60,0,-60
2949,70,100,30
2951,45,25,-20
2952,60,60,0
2953,240,120,-120
2954,60,10,-50
2960,100,45,-55
2962,75,240,165
2963,150,90,-60
2964,120,60,-60
2966,60,150,90
2967,45,25,-20
2969,60,180,120
2970,55,22,-33
2975,120,70,-50
2976,60,90,30
2978,300,240,-60
2980,30,20,-10
2983,600,500,-100
2987,125,75,-50
2989,500,0,-500
2990,60,25,-35
2991,60,60,0
2995,240,220,-20
2996,180,130,-50
2998,20,30,10
2999,60,35,-25
3000,480,180,-300
3003,90,0,-90
3004,45,20,-25
3007,65,60,-5
3008,75,65,-10
3010,60,30,-30
3011,30,30,0
3013,75,90,15
3014,120,0,-120
3018,60,6,-54
3019,30,0,-30
3020,120,120,0
3021,15,5,-10
3022,100,45,-55
3024,120,200,80
3025,30,60,30
3026,180,320,140
3029,60,30,-30
3032,60,0,-60
3036,30,30,0
3039,90,120,30
3040,45,45,0
3041,20,0,-20
3043,150,30,-120
3048,60,30,-30
3051,140,90,-50
3055,70,45,-25
3057,45,30,-15
3059,120,60,-60
3061,90,90,0
3062,90,90,0
3065,120,40,-80
3070,20,0,-20
3071,240,680,440
3074,150,100,-50
3076,180,90,-90
3080,80,70,-10
3081,130,120,-10
3084,300,0,-300
3085,180,80,-100
3086,34,45,11
3088,70,0,-70
3089,230,30,-200
3095,60,90,30
3099,30,45,15
3100,120,120,0
3103,45,60,15
3104,60,45,-15
3106,60,70,10
3108,20,0,-20
3110,70,30,-40
3111,600,60,-540
3112,15,20,5
3113,180,90,-90
3115,500,180,-320
3119,0,30,30
3120,90,60,-30
3125,120,60,-60
3126,80,75,-5
3127,40,0,-40
3130,60,10,-50
3133,400,300,-100
9531,45,45,0
9545,60,0,-60
9567,60,30,-30
9582,150,120,-30
9584,120,120,0
9585,45,45,0
9588,120,240,120
9609,100,60,-40
9638,90,0,-90
9651,70,0,-70
9652,70,40,-30
9665,90,90,0
9678,20,15,-5
9687,30,20,-10
9703,45,90,45
9707,120,90,-30
9713,180,120,-60
9715,20,45,25
9727,60,45,-15
9739,60,30,-30
9770,65,60,-5
9783,120,60,-60
9787,120,720,600
9791,45,30,-15
9816,30,0,-30
9820,150,75,-75
9824,35,10,-25
9826,240,300,60
9827,20,25,5
9833,30,15,-15
9849,300,100,-200
9856,90,40,-50
9870,240,480,240
9875,60,60,0
9882,40,0,-40
9891,60,20,-40
9895,30,60,30
9901,60,60,0
9910,120,245,125
9928,30,0,-30
9942,20,45,25
9958,120,60,-60
9959,20,45,25
9962,60,50,-10
9965,200,100,-100
9969,60,0,-60
9970,90,0,-90
10008,30,10,-20
10017,50,60,10
10045,150,90,-60
10051,300,0,-300
10060,35,25,-10
10064,180,240,60
10085,45,30,-15
10089,60,80,20
10096,60,0,-60
10101,20,20,0
10110,30,0,-30
10112,30,0,-30
10118,38,25,-13
10120,180,180,0
10124,480,350,-130
10131,45,10,-35
10166,550,360,-190
10169,60,60,0
10172,60,60,0
10187,100,45,-55
10199,90,90,0
10209,500,180,-320
10210,100,60,-40
10218,120,0,-120
10221,90,90,0
10229,90,30,-60
10255,90,60,-30
10272,120,0,-120
10295,45,30,-15
10300,30,15,-15
10304,120,60,-60
10305,60,60,0
10313,60,60,0
10317,60,60,0
10321,30,30,0
10332,90,50,-40
10335,120,0,-120
10353,30,30,0
10361,75,150,75
10363,120,120,0
10364,90,0,-90
10387,30,20,-10
10435,60,40,-20
10442,45,0,-45
10463,90,60,-30
10465,48,75,27
10466,60,48,-12
10492,90,90,0
10494,90,15,-75
10506,300,600,300
10510,120,120,0
10512,90,65,-25
10530,60,0,-60
10534,100,100,0
10541,30,60,30
10543,60,60,0
10573,30,0,-30
10583,150,45,-105
10595,120,120,0
10651,60,0,-60
10662,120,10,-110
10669,120,30,-90
10674,90,120,30
10675,100,120,20
10681,60,35,-25
10685,90,120,30
10694,90,90,0
10709,200,65,-135
10719,100,120,20
10720,30,30,0
10742,120,60,-60
10746,75,75,0
10749,30,10,-20
10754,45,0,-45
10758,60,45,-15
10767,30,15,-15
10769,30,30,0
10783,600,600,0
10799,30,40,10
10800,60,60,0
10812,240,180,-60
10820,180,200,20
10853,45,35,-10
10865,120,120,0
10871,300,1000,700
10887,80,60,-20
10894,90,70,-20
10926,900,120,-780
10940,120,100,-20
10959,25,90,65
10966,240,30,-210
10982,60,30,-30
11006,90,30,-60
11038,55,15,-40
11040,60,45,-15
11042,30,20,-10
11071,30,15,-15
11077,180,0,-180
11135,30,0,-30
11160,60,120,60
11166,30,72,42
11172,60,0,-60
11173,45,120,75
11195,60,90,30
11206,40,60,20
11216,60,0,-60
11217,20,50,30
11219,90,0,-90
11220,300,180,-120
11221,60,70,10
11242,50,0,-50
11246,90,0,-90
11272,120,120,0
11274,240,20,-220
11278,45,5,-40
11302,60,45,-15
11307,20,20,0
11324,50,90,40
11327,350,0,-350
11329,35,45,10
11347,60,0,-60
11350,20,15,-5
11354,240,0,-240
11355,25,0,-25
11371,400,120,-280
11377,45,40,-5
11385,30,20,-10
11388,75,50,-25
11408,1000,15,-985
11413,80,0,-80
11417,140,120,-20
11421,200,180,-20
11425,90,60,-30
11440,80,150,70
11465,210,20,-190
11474,90,90,0
11476,360,120,-240
11484,60,7,-53
11485,60,60,0
11491,80,70,-10
11504,240,120,-120
11513,120,0,-120
11519,60,60,0
11520,90,90,0
11521,60,0,-60
11544,100,0,-100
11574,60,60,0
11579,40,0,-40
11585,60,0,-60
11590,30,60,30
11613,60,60,0
11617,90,120,30
11618,240,240,0
11630,240,0,-240
11642,60,30,-30
11648,60,20,-40
11663,120,70,-50
11665,20,15,-5
11670,45,5,-40
11691,90,0,-90
11692,120,25,-95
11698,90,2,-88
11707,60,180,120
11710,30,40,10
11713,60,60,0
11724,100,75,-25
11744,60,30,-30
11753,45,50,5
11769,48,60,12
11770,120,120,0
11781,60,60,0
11797,30,20,-10
11845,50,70,20
11851,60,41,-19
11862,40,0,-40
11863,90,120,30
11873,60,20,-40
11875,200,120,-80
11880,180,70,-110
11891,45,45,0
11907,90,120,30
11909,35,40,5
11918,90,0,-90
11923,25,15,-10
11949,300,0,-300
11953,75,30,-45
11970,30,120,90
11986,60,60,0
11996,60,20,-40
11999,300,90,-210
12023,60,10,-50
12029,60,120,60
12066,120,120,0
12068,240,180,-60
12071,300,120,-180
12088,100,60,-40
12114,90,90,0
12119,60,30,-30
12121,60,30,-30
12122,60,60,0
12124,350,60,-290
12137,240,0,-240
12144,200,180,-20
12149,65,45,-20
12153,300,1200,900
12157,120,30,-90
12162,90,0,-90
12173,60,60,0
12174,100,0,-100
12180,120,44,-76
12182,120,1,-119
12219,60,90,30
12220,60,0,-60
12246,360,0,-360
12261,60,30,-30
12272,150,120,-30
12297,60,3,-57
12303,720,300,-420
12317,60,40,-20
12325,45,60,15
12326,120,20,-100
12331,60,0,-60
12336,90,45,-45
12346,240,160,-80
12359,60,60,0
12367,45,20,-25
12368,240,500,260
12371,90,60,-30
12383,200,0,-200
12389,45,0,-45
12398,60,0,-60
12403,30,0,-30
12405,90,90,0
12418,40,30,-10
12427,90,90,0
12449,240,500,260
12453,40,30,-10
12460,20,0,-20
12477,150,70,-80
12527,90,75,-15
12544,30,30,0
12550,120,15,-105
12555,240,60,-180
12557,60,60,0
12616,120,30,-90
12625,60,0,-60
12636,120,120,0
12662,120,75,-45
12663,20,5,-15
12664,60,50,-10
12676,120,60,-60
12685,60,60,0
12695,60,60,0
12698,120,220,100
12713,200,200,0
12728,120,90,-30
12760,45,60,15
12761,30,0,-30
12766,60,80,20
12777,70,150,80
12780,75,40,-35
12787,30,10,-20
12801,90,90,0
12802,60,30,-30
12846,45,60,15
12861,60,20,-40
12884,30,30,0
12895,90,0,-90
12907,180,120,-60
12915,35,60,25
12917,35,75,40
12925,120,60,-60
12941,20,10,-10
12942,30,30,0
12952,45,60,15
12959,60,30,-30
12962,180,120,-60
12968,30,0,-30
12970,100,0,-100
12979,240,240,0
12980,15,5,-10
12987,180,30,-150
12993,45,45,0
13000,75,0,-75
13023,60,0,-60
13028,300,180,-120
13031,120,120,0
13042,90,20,-70
13106,60,0,-60
13191,35,0,-35
13192,30,60,30
13221,45,60,15
13222,60,75,15
13223,180,60,-120
13258,25,0,-25
13276,45,120,75
13280,45,45,0
13287,60,60,0
13293,60,120,60
13302,90,70,-20
13317,120,80,-40
13330,45,0,-45
13338,30,25,-5
13351,60,60,0
13356,160,60,-100
13377,30,0,-30
13383,30,30,0
13396,120,30,-90
13414,75,45,-30
13415,180,0,-180
13424,55,45,-10
13427,30,0,-30
13444,30,30,0
13451,35,0,-35
13457,90,90,0
13482,60,60,0
13485,240,150,-90
13498,90,0,-90
13507,120,110,-10
13510,20,20,0
13514,60,60,0
13518,90,75,-15
13532,180,60,-120
13563,60,60,0
13573,60,20,-40
13575,60,10,-50
13580,160,30,-130
13602,30,20,-10
13610,20,0,-20
13611,60,120,60
13615,90,150,60
13617,60,15,-45
13622,90,60,-30
13630,30,5,-25
13670,60,0,-60
13671,75,0,-75
13683,90,0,-90
13700,90,60,-30
13701,60,120,60
13709,30,30,0
13711,10,200,190
13726,60,50,-10
13729,60,60,0
13749,90,180,90
13768,120,120,0
13769,200,150,-50
13779,45,60,15
13780,60,20,-40
13789,50,0,-50
13790,400,0,-400
13796,240,240,0
13802,360,120,-240
13807,420,0,-420
13820,150,120,-30
13836,60,75,15
13837,90,180,90
13854,45,0,-45
13855,90,90,0
13867,90,0,-90
13875,60,30,-30
13878,60,60,0
13884,300,0,-300
13894,45,35,-10
13897,60,60,0
13907,60,100,40
13934,90,60,-30
13941,120,60,-60
13945,60,1,-59
13948,30,30,0
13966,400,1440,1040
13975,90,60,-30
13984,70,60,-10
13992,180,100,-80
14005,60,60,0
14009,60,0,-60
14012,120,60,-60
14021,120,120,0
14039,100,60,-40
14066,35,65,30
14071,90,45,-45
14088,75,0,-75
14089,200,150,-50
14106,180,600,420
14111,74,45,-29
14112,90,60,-30
14117,120,120,0
14123,120,80,-40
14144,60,90,30
14156,45,0,-45
14159,120,120,0
14160,5,15,10
14163,90,90,0
14205,120,0,-120
14218,180,90,-90
14221,120,50,-70
14225,1200,180,-1020
14228,300,180,-120
14248,120,60,-60
14252,90,180,90
14253,60,60,0
14259,30,0,-30
14277,120,180,60
14284,400,500,100
14297,30,30,0
14308,120,64,-56
14321,120,120,0
14338,30,30,0
14344,30,20,-10
14358,30,90,60
14385,34,0,-34
14402,1000,60,-940
14427,30,45,15
14434,60,35,-25
14456,60,60,0
14476,30,60,30
14479,240,0,-240
14487,240,30,-210
14488,150,90,-60
14492,30,30,0
14511,30,5,-25
14517,180,80,-100
14527,60,60,0
14532,200,0,-200
14551,120,120,0
14613,320,100,-220
14617,30,0,-30
14626,30,0,-30
14634,90,0,-90
14651,90,0,-90
14657,240,120,-120
14658,60,45,-15
14662,60,60,0
14664,75,47,-28
14668,75,75,0
14687,456,75,-381
14701,20,30,10
14718,120,120,0
14729,120,120,0
14738,120,45,-75
14740,45,45,0
14746,180,200,20
14751,120,60,-60
14762,60,60,0
14771,30,60,30
14773,60,90,30
14782,222,66,-156
14785,60,120,60
14791,120,35,-85
14800,180,180,0
14856,75,20,-55
14860,45,0,-45
14866,120,0,-120
14869,180,240,60
14883,400,30,-370
14900,30,45,15
14934,300,120,-180
14935,150,97,-53
14965,200,100,-100
14969,45,0,-45
14970,90,90,0
14974,100,30,-70
14991,180,85,-95
15023,120,60,-60
15027,70,20,-50
15035,120,90,-30
15036,120,120,0
15046,240,120,-120
15047,60,30,-30
15059,45,0,-45
15074,30,90,60
15076,120,90,-30
15078,180,180,0
15087,30,90,60
15089,45,75,30
15096,120,45,-75
15098,45,30,-15
15100,72,1440,1368
15106,45,0,-45
15107,300,180,-120
15113,60,60,0
15116,90,45,-45
15146,30,60,30
15157,10,15,5
15160,20,45,25
15163,120,80,-40
15166,240,120,-120
15174,120,360,240
15183,60,200,140
15204,25,30,5
15213,60,0,-60
15220,120,840,720
15230,45,30,-15
15236,60,0,-60
15261,45,0,-45
15275,90,120,30
15287,30,45,15
15292,40,0,-40
15299,30,10,-20
15301,45,45,0
15306,120,0,-120
15316,240,120,-120
15336,60,90,30
15346,80,60,-20
15352,310,240,-70
15371,65,65,0
15393,60,100,40
15412,60,45,-15
15425,30,25,-5
15437,60,0,-60
15440,180,0,-180
15441,60,60,0
15448,240,180,-60
15460,25,20,-5
15465,60,60,0
15471,240,120,-120
15503,150,30,-120
15504,60,0,-60
15507,120,60,-60
15516,60,60,0
15519,140,0,-140
15524,60,0,-60
15545,60,90,30
15564,120,120,0
15567,45,25,-20
15575,240,30,-210
15608,30,20,-10
15618,60,50,-10
15636,20,15,-5
15645,600,0,-600
15661,150,60,-90
15664,20,60,40
15667,45,45,0
15678,120,120,0
15691,120,250,130
15696,240,300,60
15697,40,60,20
15716,75,67,-8
15725,240,480,240
15726,60,24,-36
15751,60,40,-20
15759,60,0,-60
15761,120,60,-60
15770,120,60,-60
15781,300,400,100
15783,180,100,-80
15799,120,0,-120
15802,120,60,-60
15804,250,0,-250
15808,120,60,-60
15817,100,80,-20
15821,120,180,60
15824,180,120,-60
15831,90,20,-70
15833,20,15,-5
15839,80,60,-20
15845,120,5,-115
15860,55,0,-55
15909,45,0,-45
15912,30,40,10
15914,270,180,-90
15921,180,0,-180
15926,120,0,-120
15929,240,180,-60
15933,180,180,0
15951,1440,120,-1320
15952,360,0,-360
16006,140,240,100
16024,60,120,60
16028,120,0,-120
16041,60,40,-20
16051,25,120,95
16088,80,0,-80
16102,120,0,-120
16104,60,60,0
16105,60,70,10
16109,60,59,-1
16115,60,0,-60
16119,60,100,40
16126,120,90,-30
16132,120,120,0
16135,45,30,-15
16142,45,20,-25
16151,60,180,120
16155,45,60,15
16157,30,15,-15
16160,50,60,10
16162,60,30,-30
16169,300,250,-50
16172,60,45,-15
16181,120,45,-75
16183,60,15,-45
16189,30,0,-30
16192,240,210,-30
16222,75,40,-35
16226,90,60,-30
16240,30,20,-10
16247,60,30,-30
16260,45,60,15
16274,45,60,15
16282,180,120,-60
16302,120,30,-90
16320,120,15,-105
16328,45,45,0
16334,60,45,-15
16349,60,75,15
16359,300,60,-240
16360,30,30,0
16371,90,70,-20
16393,75,120,45
16401,180,60,-120
16402,120,120,0
16403,30,30,0
16432,120,120,0
16439,45,60,15
16446,180,180,0
16450,90,0,-90
16460,90,90,0
16462,120,30,-90
16471,75,0,-75
16475,70,120,50
16483,60,60,0
16518,120,60,-60
16526,75,75,0
16556,200,1200,1000
16560,30,30,0
16563,90,60,-30
16567,80,0,-80
16569,30,20,-10
16596,180,100,-80
16603,75,600,525
16613,20,30,10
16614,60,0,-60
16615,75,45,-30
16647,120,45,-75
16648,120,120,0
16667,60,30,-30
16679,60,180,120
16718,30,20,-10
16729,60,0,-60
16731,60,20,-40
16756,65,0,-65
16766,45,30,-15
16780,300,180,-120
16805,30,30,0
16810,360,120,-240
16826,180,120,-60
16838,25,30,5
16843,60,90,30
16865,120,180,60
16868,120,90,-30
16922,75,0,-75
16932,45,45,0
16939,60,40,-20
16954,100,0,-100
16959,60,60,0
16969,30,0,-30
16972,45,42,-3
16974,120,60,-60
16979,45,0,-45
16988,120,60,-60
17007,45,0,-45
17008,800,40,-760
17011,60,60,0
17018,75,0,-75
17024,30,15,-15
17057,75,30,-45
17062,360,30,-330
17072,25,0,-25
17102,120,120,0
17103,20,0,-20
17132,30,0,-30
17136,100,0,-100
17138,120,0,-120
17179,45,30,-15
17184,25,30,5
17190,60,50,-10
17193,40,60,20
17194,45,60,15
17197,60,45,-15
17208,120,0,-120
17228,45,45,0
17241,60,60,0
17243,180,60,-120
17252,75,180,105
17255,30,36,6
17284,300,1440,1140
17293,30,60,30
17295,55,60,5
17304,45,30,-15
17308,180,0.1,-179.9
17316,120,100,-20
17348,80,120,40
17351,960,180,-780
17353,120,90,-30
17367,45,0,-45
17371,300,210,-90
17373,600,240,-360
17379,240,4,-236
17391,30,65,35
17397,45,60,15
17405,325,120,-205
17409,30,0,-30
17433,90,0,-90
17437,80,50,-30
17442,120,800,680
17448,120,0,-120
17476,120,120,0
17478,60,10,-50
17487,30,13,-17
17496,72,120,48
17511,200,45,-155
17515,60,10,-50
17530,60,60,0
17532,120,222,102
17539,200,0,-200
17544,80,70,-10
17561,45,35,-10
17570,60,45,-15
17573,400,340,-60
17574,35,45,10
17582,120,60,-60
17594,33,600,567
17619,60,40,-20
17620,60,30,-30
17621,250,178,-72
17626,360,90,-270
17669,180,180,0
17682,90,60,-30
17701,20,0,-20
17728,240,480,240
17732,40,30,-10
17741,90,30,-60
17747,60,0,-60
17752,230,250,20
17779,240,120,-120
17791,40,0,-40
17815,60,1000,940
17843,300,120,-180
17872,30,30,0
17873,30,0,-30
17881,70,30,-40
17903,180,140,-40
17910,90,0,-90
17924,80,0,-80
17935,30,30,0
17949,150,120,-30
17961,60,45,-15
17972,75,60,-15
17992,90,45,-45
18007,180,0,-180
18010,240,180,-60
18025,45,60,15
18035,180,40,-140
18037,90,0,-90
18078,80,0,-80
18081,30,90,60
18106,120,70,-50
18109,60,15,-45
18112,180,120,-60
18119,45,90,45
18155,120,45,-75
18156,60,60,0
18162,120,60,-60
18164,180,900,720
18168,25,15,-10
18172,30,45,15
18192,20,20,0
18193,60,20,-40
18202,60,90,30
18217,60,45,-15
18253,20,0,-20
18260,30,0,-30
18272,35,60,25
18279,100,60,-40
18286,60,0,-60
18303,90,0,-90
18305,300,75,-225
18321,360,120,-240
18324,120,45,-75
18349,90,90,0
18351,45,0,-45
18389,240,120,-120
18390,35,0,-35
18402,30,30,0
18407,45,20,-25
18430,70,180,110
18447,150,180,30
18451,440,240,-200
18459,200,150,-50
18482,60,60,0
18498,90,30,-60
18500,10,30,20
18526,180,180,0
18549,90,60,-30
18556,50,60,10
18560,100,45,-55
18574,240,120,-120
18580,60,420,360
18610,60,0,-60
18615,130,0,-130
18616,45,35,-10
18619,45,30,-15
18625,30,0,-30
18627,45,60,15
18628,180,300,120
18642,240,0,-240
18646,30,10,-20
18649,45,120,75
18658,60,30,-30
18667,100,80,-20
18675,45,90,45
18684,60,40,-20
18693,60,15,-45
18694,500,450,-50
18700,120,60,-60
18721,45,0,-45
18725,90,120,30
18736,60,60,0
18749,30,0,-30
18769,120,0,-120
18780,60,60,0
18796,200,200,0
18817,600,350,-250
18819,600,60,-540
18829,50,60,10
18830,60,30,-30
18872,60,45,-15
18879,60,60,0
18894,180,210,30
18911,120,120,0
18940,20,10,-10
18949,120,90,-30
18958,60,120,60
18972,40,80,40
18983,60,40,-20
18988,120,120,0
19020,300,0,-300
19028,25,55,30
19032,90,0,-90
19060,30,0,-30
19072,360,360,0
19085,360,180,-180
19102,60,75,15
19103,15,35,20
19114,45,45,0
19144,90,150,60
19150,60,120,60
19151,20,0,-20
19155,150,0,-150
19218,350,50,-300
19229,240,240,0
19230,60,90,30
19244,356,0,-356
19245,20,0,-20
19263,60,60,0
19278,20,60,40
19297,60,60,0
19304,120,55,-65
19316,30,30,0
19318,45,0,-45
19323,120,60,-60
19344,120,0,-120
19353,300,0,-300
19364,70,140,70
19377,90,60,-30
19386,120,180,60
19388,240,300,60
19414,120,260,140
19417,28,7,-21
19429,120,120,0
19431,60,60,0
19434,30,30,0
19437,150,240,90
19446,45,20,-25
19451,500,240,-260
19454,120,0,-120
19456,150,60,-90
19492,120,60,-60
19495,15,30,15
19498,30,120,90
19503,30,0,-30
19507,60,40,-20
19510,240,150,-90
19526,90,75,-15
19534,65,30,-35
19536,70,0,-70
19553,240,180,-60
19565,50,0,-50
19571,20,240,220
19597,120,60,-60
19599,150,120,-30
19627,60,30,-30
19642,60,45,-15
19651,45,60,15
19665,30,0,-30
19683,185,150,-35
19690,45,45,0
19696,20,5,-15
19699,120,60,-60
19705,120,120,0
19709,60,75,15
19710,120,20,-100
19713,45,45,0
19714,30,60,30
19732,30,10,-20
19775,20,180,160
19786,260,120,-140
19794,120,60,-60
19796,30,0,-30
19827,60,60,0
19854,180,240,60
19859,360,0,-360
19862,120,45,-75
19867,120,180,60
19878,45,0,-45
19882,30,20,-10
19884,120,60,-60
19904,120,120,0
19917,600,0,-600
19934,30,0,-30
19938,30,0,-30
19965,120,60,-60
19990,60,0,-60
20019,240,45,-195
20024,25,0,-25
20033,30,30,0
20035,60,32,-28
20038,30,20,-10
20040,180,120,-60
20052,30,30,0
20054,90,75,-15
20058,60,0,-60
20059,60,60,0
20078,120,125,5
20087,45,45,0
20088,240,120,-120
20104,10,20,10
20117,120,90,-30
20135,150,90,-60
20136,60,0,-60
20141,60,120,60
20152,60,5,-55
20169,200,240,40
20175,50,0,-50
20189,240,120,-120
20199,240,0,-240
20206,60,90,30
20217,180,120,-60
20227,180,120,-60
20229,45,80,35
20239,30,15,-15
20243,120,20,-100
20251,20,0,-20
20269,70,60,-10
20274,60,20,-40
20276,20,25,5
20296,90,60,-30
20308,150,180,30
20351,45,50,5
20356,90,50,-40
20377,30,20,-10
20382,120,0,-120
20389,120,25,-95
20399,20,8,-12
20413,30,30,0
20418,100,0,-100
20420,60,90,30
20440,60,90,30
20448,200,0,-200
20492,120,60,-60
20501,60,0,-60
20509,45,20,-25
20510,80,0,-80
20519,120,120,0
20522,90,60,-30
20531,30,120,90
20542,120,120,0
20547,100,150,50
20571,120,60,-60
20572,300,600,300
20575,80,70,-10
20578,800,135,-665
20581,28,30,2
20592,25,20,-5
20612,90,10,-80
20623,120,60,-60
20645,180,300,120
20651,50,55,5
20654,360,120,-240
20666,100,120,20
20670,90,0,-90
20682,180,180,0
20693,60,0,-60
20696,20,45,25
20706,30,15,-15
20713,60,60,0
20722,20,20,0
20724,60,30,-30
20729,180,400,220
20739,60,60,0
20744,900,150,-750
20757,120,60,-60
20763,120,500,380
20780,120,60,-60
20835,120,120,0
20848,45,30,-15
20866,45,30,-15
20870,180,120,-60
20873,90,90,0
20880,90,120,30
20909,60,90,30
20924,30,30,0
20935,90,65,-25
20964,250,30,-220
20968,120,30,-90
20991,60,0,-60
21000,10,10,0
21013,60,0,-60
21021,250,0,-250
21022,180,90,-90
21027,90,60,-30
21038,120,30,-90
21046,90,120,30
21048,150,120,-30
21054,15,30,15
21074,120,0,-120
21075,120,180,60
21078,40,50,10
21081,60,30,-30
21092,300,30,-270
21108,200,30,-170
21120,120,60,-60
21141,120,180,60
21150,60,45,-15
21151,180,120,-60
21167,35,45,10
21174,20,15,-5
21184,100,0,-100
21191,120,40,-80
21194,120,120,0
21204,90,45,-45
21205,180,0,-180
21214,90,180,90
21216,120,45,-75
21228,45,0,-45
21231,30,15,-15
21243,320,0,-320
21245,95,30,-65
21256,250,240,-10
21270,30,0,-30
21272,120,0,-120
21279,60,0,-60
21281,120,90,-30
21283,150,120,-30
21285,120,30,-90
21292,240,0,-240
21298,60,30,-30
21320,60,0,-60
21322,250,0,-250
21326,90,90,0
21332,60,0,-60
21333,20,20,0
21357,60,80,20
21361,120,120,0
21380,40,0,-40
21387,60,90,30
21397,120,30,-90
21433,60,15,-45
21443,120,60,-60
21449,45,45,0
21456,196,240,44
21467,180,0,-180
21474,60,0,-60
21484,120,60,-60
21493,60,0,-60
21494,360,45,-315
21503,120,120,0
21506,30,35,5
21526,60,0,-60
21535,45,40,-5
21542,120,60,-60
21555,120,180,60
21559,70,0,-70
21563,90,80,-10
21568,120,120,0
21571,60,55,-5
21581,30,0,-30
21597,20,15,-5
21613,180,60,-120
21616,120,120,0
21621,30,15,-15
21624,100,40,-60
21626,40,15,-25
21641,60,60,0
21685,120,20,-100
21687,180,0,-180
21695,480,480,0
21697,75,75,0
21702,90,30,-60
21709,90,0,-90
21713,120,40,-80
21723,120,0,-120
21726,100,0,-100
21727,90,90,0
21735,30,40,10
21746,120,60,-60
21764,120,120,0
21776,120,0,-120
21779,180,0,-180
21801,30,60,30
21804,60,60,0
21813,90,30,-60
21815,360,120,-240
21822,70,40,-30
21826,120,65,-55
21834,360,30,-330
21842,60,900,840
21843,60,40,-20
21852,30,0,-30
21862,300,60,-240
21872,25,0,-25
21890,120,60,-60
21898,90,240,150
21906,120,80,-40
21913,120,60,-60
21926,60,60,0
21949,45,60,15
21955,45,20,-25
22000,1000,300,-700
22016,180,90,-90
22029,30,20,-10
22030,75,0,-75
22067,250,180,-70
22069,180,90,-90
22115,150,0,-150
22117,90,60,-30
22127,80,0,-80
22131,400,60,-340
22133,45,45,0
22137,30,60,30
22139,100,45,-55
22142,120,60,-60
22193,120,20,-100
22207,60,10,-50
22222,45,120,75
22227,60,60,0
22277,45,54,9
22286,180,240,60
22290,120,60,-60
22293,30,20,-10
22301,30,0,-30
22304,60,30,-30
22308,90,30,-60
22310,120,240,120
22337,60,15,-45
22344,35,30,-5
22386,15,20,5
22392,30,0,-30
22412,30,30,0
22439,45,45,0
22444,120,240,120
22445,60,60,0
22460,30,8,-22
22477,120,30,-90
22486,40,30,-10
22487,15,60,45
22523,120,60,-60
22536,90,90,0
22552,30,0,-30
22559,60,30,-30
22562,35,30,-5
22563,45,45,0
22567,90,30,-60
22582,30,0,-30
22594,40,25,-15
22595,30,30,0
22605,80,0,-80
22613,60,45,-15
22624,120,75,-45
22652,90,40,-50
22654,240,400,160
22655,90,45,-45
22680,20,30,10
22687,300,480,180
22701,120,60,-60
22705,120,0,-120
22726,120,90,-30
22730,80,0,-80
22736,45,45,0
22737,40,20,-20
22738,60,100,40
22788,35,25,-10
22806,45,50,5
22818,90,60,-30
22858,100,0,-100
22860,200,5,-195
22865,30,20,-10
22866,90,30,-60
22883,80,0,-80
22926,75,40,-35
22927,20,5,-15
22940,180,0,-180
22947,120,10,-110
22969,90,60,-30
22972,90,90,0
22991,200,0,-200
22999,120,60,-60
23001,90,90,0
23002,50,40,-10
23004,90,90,0
23006,60,120,60
23039,150,0,-150
23040,180,120,-60
23070,70,60,-10
23071,80,60,-20
23074,60,0,-60
23075,180,180,0
23078,120,60,-60
23099,45,30,-15
23107,60,60,0
23108,60,120,60
23111,120,60,-60
23115,200,300,100
23116,240,240,0
23117,180,240,60
23120,60,60,0
23121,180,480,300
23122,160,70,-90
23148,70,70,0
23152,45,90,45
23170,20,0,-20
23181,40,20,-20
23208,240,80,-160
23216,30,60,30
23233,180,120,-60
23236,90,0,-90
23244,45,60,15
23260,180,0,-180
23275,30,60,30
23285,45,20,-25
23297,90,30,-60
23301,40,10,-30
23306,30,48,18
23311,240,90,-150
23322,80,45,-35
23330,100,70,-30
23332,90,70,-20
23337,40,30,-10
23338,60,90,30
23341,60,10,-50
23342,300,180,-120
23355,180,90,-90
23362,60,30,-30
23384,47,20,-27
23398,120,120,0
23413,88,0,-88
23415,60,60,0
23427,120,90,-30
23446,45,45,0
23454,0,45,45
23464,60,0,-60
23478,300,600,300
23503,120,0,-120
23504,60,15,-45
23512,180,120,-60
23528,30,30,0
23565,30,15,-15
23567,400,300,-100
23573,30,10,-20
23585,60,60,0
23592,60,30,-30
23597,120,100,-20
23612,120,40,-80
23614,500,120,-380
23619,60,60,0
23665,60,0,-60
23678,80,30,-50
23682,150,130,-20
23693,865,120,-745
23703,120,75,-45
23706,120,30,-90
23709,90,90,0
23718,120,0,-120
23724,30,0,-30
23732,30,20,-10
23752,120,10,-110
23767,30,45,15
23768,90,45,-45
23770,160,0,-160
23773,90,30,-60
23786,120,120,0
23805,30,60,30
23818,90,90,0
23834,45,60,15
23838,60,20,-40
23849,45,30,-15
23855,60,60,0
23856,180,90,-90
23857,90,90,0
23866,240,180,-60
23872,60,0,-60
23877,120,120,0
23890,45,35,-10
23906,60,45,-15
23908,60,30,-30
23913,60,60,0
23923,30,20,-10
23937,240,240,0
23945,40,30,-10
23953,150,120,-30
23955,45,90,45
23957,60,63,3
23962,240,4200,3960
23969,200,0,-200
23974,90,120,30
23976,45,60,15
23977,60,40,-20
23995,180,180,0
24002,45,50,5
24009,30,0,-30
24010,180,120,-60
24011,120,90,-30
24022,60,0,-60
24034,70,75,5
24036,20,15,-5
24045,60,45,-15
24046,120,120,0
24057,200,0,-200
24062,60,40,-20
24063,45,380,335
24079,60,60,0
24095,300,0,-300
24100,60,60,0
24101,180,20,-160
24132,120,240,120
24148,45,1,-44
24174,60,45,-15
24207,60,100,40
24211,30,60,30
24231,60,30,-30
24277,90,150,60
24284,60,60,0
24291,90,120,30
24293,20,15,-5
24302,40,60,20
24313,120,60,-60
